1  drift  385.1275      3.  3.
                                                                                
!QTA800!    XYX                                                                    
10  quad        -737.08658    30.00   30.00    3.17     0   100
1  drift    8.375       3.  3.                                                  
11  quad     1457.69964   30.00   30.00    3.17     0   100
1  drift   13.3451      3.  3.                                                  
12  quad       -856.65897   25.00   25.00    3.17     0   100
                                                                                
1  drift   337.896       3.  3.                                                 
1  slit   1.0 1.0                                                              

1  drift   10.0       3.  3.                                                 

!target                                                                         
0  stop