 Nseed      iq         dt[nsec]         dW[MeV/u]           x[cm]           x'[mrad]            y[cm]           y'[mrad]  
      0      1       0.11192E-11       0.00000E+00       0.19964E-05       0.46578E-05       0.00000E+00       0.00000E+00
      0      1      -0.34194E+02       0.59804E-02       0.20129E+00      -0.10115E+01       0.42953E+00      -0.11062E+01
      0      1      -0.95817E+01       0.49632E-02      -0.37997E+00      -0.23763E+00      -0.28134E+00       0.13063E+01
      0      1      -0.23934E+02      -0.48706E-04       0.37346E+00      -0.10972E+01       0.60475E+00      -0.75373E+00
      0      1      -0.14670E+02       0.12056E-02       0.10220E+00       0.49680E-01       0.87010E+00      -0.74156E+00
      0      1       0.20575E+01       0.55744E-02      -0.12820E+00      -0.12074E+01       0.69682E+00      -0.31808E+00
      0      1      -0.16145E+02      -0.66712E-02       0.84798E+00      -0.10725E+01      -0.17562E+00       0.85988E+00
      0      1       0.14214E+02      -0.58864E-03       0.78806E+00      -0.12605E+01      -0.82258E-02       0.79281E+00
      0      1      -0.23367E+02       0.38051E-02       0.33322E+00      -0.54202E+00       0.79011E+00       0.43813E+00
      0      1       0.71869E+01       0.47937E-02      -0.31415E+00       0.89459E+00      -0.63498E+00       0.11988E+01
      0      1       0.97642E+00      -0.48636E-02       0.29261E+00      -0.11031E+01       0.31418E+00      -0.64937E+00
      0      1       0.30292E+02       0.49843E-02      -0.10883E+00       0.68065E+00       0.59613E+00      -0.40381E+00
      0      1       0.29247E+02       0.10048E-02       0.48181E-01       0.93624E+00       0.65238E+00       0.49887E+00
      0      1      -0.16683E+02      -0.43558E-02      -0.60576E+00       0.50305E+00      -0.23451E+00       0.93136E+00
      0      1       0.27046E+02      -0.58023E-02       0.51503E+00       0.52231E+00      -0.23231E+00      -0.56481E+00
      0      1      -0.23340E+02      -0.56423E-02       0.59965E+00      -0.10168E+01       0.41898E+00       0.78356E+00
      0      1       0.19772E+02      -0.65443E-02      -0.72685E-01       0.81070E+00      -0.73652E+00       0.70638E-01
      0      1       0.32262E+02      -0.65947E-02       0.49446E+00       0.67646E+00      -0.46892E+00       0.67286E+00
      0      1      -0.80251E+01      -0.15827E-02      -0.16962E+00      -0.49030E+00      -0.22146E+00       0.68121E+00
      0      1       0.20200E+02      -0.64538E-02       0.71522E+00      -0.14520E+01       0.50329E+00       0.35292E+00
      0      1       0.22751E+02       0.41907E-02      -0.13179E+00       0.45151E+00       0.95651E+00      -0.82331E+00
      0      1       0.26242E+02      -0.59753E-02       0.17796E+00       0.11971E+01       0.40488E+00       0.57648E+00
      0      1       0.16870E+02       0.38933E-02      -0.36799E+00       0.70835E+00       0.77082E+00      -0.10701E+01
      0      1      -0.19231E+02       0.50711E-02      -0.18335E+00      -0.61232E+00      -0.69157E+00       0.10082E+01
      0      1       0.39290E+02      -0.28650E-02       0.15243E+00       0.98359E+00       0.32020E+00       0.66800E+00
      0      1      -0.33646E+02       0.32902E-02      -0.29368E-01      -0.33070E+00       0.79486E+00      -0.34195E+00
      0      1      -0.13133E+02      -0.38667E-02      -0.23455E+00       0.11723E+01      -0.48719E+00      -0.45426E+00
      0      1      -0.20806E+02      -0.56163E-04       0.15130E+00       0.49867E-01      -0.65387E+00       0.33896E+00
      0      1      -0.28863E+02       0.63771E-02       0.32790E+00      -0.10653E+00      -0.81846E+00       0.13315E+01
      0      1       0.18788E+02      -0.36498E-02      -0.80881E+00       0.57767E+00       0.48610E+00       0.65415E+00
      0      1      -0.30401E+02      -0.42448E-02       0.54056E+00      -0.15200E+01       0.52344E+00       0.55058E+00
      0      1      -0.62198E+01       0.54502E-02       0.15051E+00      -0.86480E-01      -0.57908E+00       0.50508E+00
      0      1       0.31844E+02       0.16486E-02       0.52330E+00      -0.13527E+01      -0.18240E+00       0.27598E+00
      0      1      -0.15962E+02      -0.13513E-02       0.14958E+00      -0.57873E-01       0.71404E+00      -0.16701E+01
      0      1      -0.28418E+02       0.94280E-03       0.14760E+00       0.16090E+01       0.19718E+00       0.16887E-01
      0      1       0.29873E+02      -0.50188E-02       0.84399E+00      -0.10548E+01      -0.32226E+00      -0.28512E-01
      0      1      -0.10720E+02      -0.14637E-02      -0.30715E+00      -0.11221E+00      -0.47058E+00       0.11260E+01
      0      1       0.15869E+02      -0.15186E-02      -0.35425E+00      -0.28602E+00       0.28725E+00      -0.76265E+00
      0      1       0.15111E+02       0.53125E-02       0.51007E+00      -0.16052E+01      -0.22167E+00       0.11072E+01
      0      1      -0.30832E+02       0.23092E-02      -0.76401E+00      -0.66037E+00      -0.79223E-01      -0.26254E+00
      0      1       0.13439E+02      -0.28056E-02       0.85222E+00      -0.19166E+00      -0.94868E-01      -0.81909E+00
      0      1      -0.12782E+02      -0.47543E-02       0.29400E+00       0.85148E+00       0.37829E-01      -0.35871E+00
      0      1      -0.37268E+02       0.40766E-02       0.52123E+00       0.73233E+00       0.31557E+00       0.20914E-01
      0      1       0.10684E+02       0.12708E-02       0.60194E+00      -0.68909E+00      -0.36154E+00       0.60761E-01
      0      1      -0.24312E+02      -0.40847E-02       0.80695E-01      -0.74689E+00       0.30168E+00      -0.41547E+00
      0      1      -0.17384E+01       0.48269E-02       0.30235E-01       0.10883E+00      -0.50712E+00      -0.21870E+00
      0      1      -0.42410E+02       0.44770E-02      -0.54045E+00       0.10110E+01      -0.30186E+00      -0.10227E+00
      0      1       0.23838E+02       0.37935E-02      -0.21423E+00       0.47091E+00       0.35619E+00      -0.11090E+01
      0      1       0.29192E+02       0.85522E-03       0.38404E+00      -0.41190E+00      -0.15771E+00      -0.96424E+00
      0      1       0.10425E+02       0.40894E-02       0.42015E-01       0.45307E+00      -0.51952E+00      -0.40580E+00
      0      1       0.33842E+02      -0.58512E-02       0.17223E+00      -0.89815E+00      -0.55573E+00       0.15275E+01
      0      1      -0.18564E+01       0.34763E-02       0.38340E+00      -0.48269E+00       0.81761E+00      -0.13189E+01
      0      1      -0.16498E+02      -0.89132E-03      -0.99319E+00       0.65254E+00       0.27246E+00      -0.64218E+00
      0      1      -0.39010E+02      -0.48258E-02      -0.44513E-01       0.57049E+00       0.68692E+00      -0.12626E+01
      0      1      -0.12032E+02       0.43746E-02      -0.72142E-01      -0.56451E+00      -0.19947E+00      -0.75039E+00
      0      1      -0.12384E+01      -0.78476E-03      -0.21443E-01       0.40621E+00      -0.51396E+00       0.13969E+01
      0      1      -0.12101E+02      -0.64606E-02       0.21339E+00      -0.10633E+00      -0.21765E+00       0.13580E+00
      0      1       0.15226E+02      -0.54406E-02       0.35171E+00      -0.13407E+01       0.33108E+00       0.15289E+00
      0      1       0.95536E+01       0.36956E-02      -0.27520E+00      -0.13173E+00      -0.69657E+00      -0.35290E-01
      0      1       0.34668E+02      -0.64061E-03      -0.15821E+00      -0.92296E+00       0.34457E+00      -0.69977E-01
      0      1       0.13764E+02       0.32943E-02      -0.43172E+00       0.91647E+00       0.35769E-01       0.25923E+00
      0      1      -0.33265E+02      -0.99077E-03       0.58575E+00      -0.89874E-01       0.21561E+00      -0.73398E+00
      0      1       0.25951E+02      -0.58429E-02       0.73469E+00      -0.20909E+00       0.48058E+00      -0.87312E+00
      0      1       0.83976E+01       0.49811E-02       0.24618E+00      -0.10393E+01      -0.57100E+00       0.46958E+00
      0      1      -0.29150E+02       0.78095E-03      -0.52506E+00       0.18768E+00      -0.76231E+00       0.95576E+00
      0      1       0.28464E+02      -0.68161E-02       0.22147E+00      -0.74372E+00      -0.67711E+00       0.15670E+01
      0      1       0.28085E+02       0.53108E-02       0.12924E+00       0.60571E+00      -0.29314E+00      -0.52743E+00
      0      1       0.49306E+01      -0.50080E-02       0.29041E+00      -0.13859E+01       0.16683E+00      -0.35583E+00
      0      1       0.12138E+02       0.50094E-02       0.15166E+00      -0.82746E-01       0.12947E+00      -0.63158E+00
      0      1       0.27017E+02       0.33390E-02      -0.61924E+00       0.90395E+00      -0.46024E+00       0.65116E+00
      0      1       0.36793E+02       0.12597E-02      -0.33956E+00       0.18275E+01      -0.17189E+00       0.14882E+00
      0      1      -0.30728E+02      -0.58920E-02       0.84916E+00      -0.11540E+01      -0.95281E-01      -0.76391E+00
      0      1       0.23533E+02       0.64289E-02       0.33689E+00      -0.32534E+00       0.82070E+00       0.10585E+00
      0      1      -0.35675E+02      -0.13024E-02      -0.31627E+00       0.88866E+00      -0.24384E+00      -0.76807E+00
      0      1      -0.30104E+02      -0.30972E-03      -0.55879E+00       0.58796E-01       0.50623E-01      -0.98783E+00
      0      1      -0.34898E+02       0.90152E-03       0.58718E+00      -0.17090E+00       0.56374E+00      -0.11551E+01
      0      1      -0.25254E+02       0.60617E-02      -0.60718E+00      -0.57518E+00      -0.32985E+00      -0.25952E-01
      0      1       0.21584E+02      -0.39830E-02       0.30917E+00       0.41749E+00       0.46447E+00       0.11173E+00
      0      1      -0.12432E+02      -0.55494E-02      -0.29003E+00       0.65615E+00       0.12327E+00      -0.43048E+00
      0      1       0.17198E+02       0.42368E-02       0.54118E+00       0.23213E+00      -0.97106E-01       0.72581E+00
      0      1       0.28699E+02      -0.56284E-02      -0.11846E+00       0.16128E+00      -0.75375E+00       0.48777E+00
      0      1      -0.60435E+01       0.22067E-02       0.20635E+00      -0.10986E+01      -0.31281E+00       0.11798E+01
      0      1      -0.19184E+02       0.53105E-02      -0.75262E+00       0.12080E+01       0.42478E+00      -0.11654E+01
      0      1      -0.13601E+02      -0.65811E-02       0.73984E+00      -0.79051E+00       0.44682E+00      -0.36576E+00
      0      1      -0.37417E+02       0.14290E-02       0.75581E-01      -0.57710E+00      -0.21570E+00       0.78305E+00
      0      1       0.17327E+02       0.63791E-02       0.78845E+00      -0.85143E+00       0.38934E+00       0.54646E+00
      0      1       0.42301E+00      -0.37705E-02       0.34960E+00      -0.21624E+00      -0.31164E+00       0.12293E+01
      0      1      -0.14124E+02       0.40826E-02      -0.46830E+00       0.46431E+00       0.90838E+00      -0.50364E+00
      0      1      -0.11936E+00      -0.62071E-02       0.77056E+00      -0.33344E+00      -0.27906E+00       0.21840E+00
      0      1      -0.34553E+02      -0.35789E-02       0.31280E+00      -0.14872E-01       0.32676E-01      -0.43569E+00
      0      1       0.77224E+01       0.33800E-02       0.27767E+00      -0.73759E+00      -0.40559E+00       0.99600E+00
      0      1      -0.20866E+02       0.48071E-02      -0.15570E+00       0.17031E+01      -0.31559E+00      -0.72445E+00
      0      1      -0.32393E+02       0.82428E-03       0.46334E+00      -0.10233E+01      -0.72982E+00      -0.24246E+00
      0      1      -0.13392E+01      -0.12414E-02      -0.14363E+00      -0.13702E+01      -0.21409E+00       0.11727E+01
      0      1       0.82541E+01       0.21457E-02       0.20937E+00      -0.10410E+01      -0.83258E+00       0.49255E+00
      0      1      -0.15233E+02      -0.48399E-02      -0.27143E+00       0.54619E+00       0.14138E+00       0.96459E+00
      0      1      -0.18587E+02       0.65257E-02       0.63835E+00       0.59471E+00       0.12324E+00      -0.39303E+00
      0      1      -0.31324E+02      -0.55681E-02      -0.80476E+00       0.71476E+00      -0.41146E+00       0.39445E+00
      0      1       0.15071E+02      -0.24618E-02       0.39704E+00      -0.81018E+00      -0.16287E+00       0.21533E+00
      0      1       0.25066E+02       0.92886E-03       0.51194E+00      -0.63084E+00       0.32428E+00      -0.78022E+00
      0      1       0.82941E+01      -0.67850E-03       0.16954E+00       0.48312E+00       0.66667E-01      -0.73473E+00
      0      1       0.25925E+02       0.55222E-02       0.12244E+00      -0.50064E+00      -0.81505E+00      -0.49612E+00
      0      1       0.76076E+01       0.10216E-02      -0.69416E+00       0.66237E+00      -0.86477E-01       0.44943E+00
      0      1      -0.88700E+01       0.80212E-04       0.10781E+00       0.86431E+00       0.25613E+00      -0.14604E+00
      0      1       0.17377E+02      -0.21200E-02       0.15039E+00       0.10488E+01       0.73526E+00       0.32315E+00
      0      1      -0.26502E+01      -0.38237E-02       0.23965E+00      -0.84229E+00      -0.18953E+00      -0.77115E+00
      0      1       0.37917E+02       0.17820E-02      -0.67326E+00      -0.44334E+00       0.18390E+00       0.20760E+00
      0      1       0.15808E+02       0.41739E-02       0.35928E+00      -0.35168E+00       0.38889E+00      -0.83700E+00
      0      1      -0.28893E+02       0.15574E-02       0.79069E+00       0.56279E-02      -0.14318E+00       0.90079E+00
      0      1      -0.31830E+02       0.48493E-02       0.17280E+00      -0.59901E+00      -0.14056E+00      -0.25371E+00
      0      1       0.26698E+02       0.80315E-04      -0.20106E+00       0.22541E+00      -0.79401E+00       0.13355E+01
      0      1      -0.28867E+02       0.17344E-03      -0.25584E+00      -0.42182E+00      -0.58524E+00       0.79503E+00
      0      1      -0.38719E+02      -0.27078E-02      -0.63580E+00       0.10129E+01       0.65328E+00      -0.11619E+00
      0      1       0.66849E+01      -0.54412E-02      -0.20709E+00       0.36351E+00      -0.19961E+00      -0.40585E+00
      0      1      -0.64350E+01      -0.60695E-02      -0.71531E-02      -0.59958E+00      -0.85520E+00       0.12489E+01
      0      1       0.36791E+02      -0.56686E-02       0.48232E+00      -0.10968E+01       0.14576E-03       0.33306E+00
      0      1      -0.37411E+02       0.26350E-02      -0.62962E+00       0.99420E+00       0.26195E+00       0.92674E+00
      0      1      -0.21316E+02       0.10753E-02       0.17290E+00       0.39063E+00       0.45880E+00      -0.13734E+01
      0      1       0.17416E+02      -0.42136E-02       0.51560E+00       0.57102E+00       0.78802E-01       0.77810E+00
      0      1       0.38461E+02       0.41800E-03       0.33889E+00      -0.29022E+00      -0.28281E+00      -0.46485E+00
      0      1       0.34276E+02       0.19510E-02      -0.85412E-01       0.20468E+00      -0.55732E+00      -0.96514E-03
      0      1       0.13411E+02       0.46617E-02       0.74539E-01      -0.50899E+00       0.82066E+00       0.28813E-01
      0      1      -0.98104E+01       0.26025E-02      -0.77882E+00       0.99781E+00       0.43938E-01       0.10902E+01
      0      1      -0.37770E+02       0.15098E-02       0.22431E+00       0.12703E+01       0.35888E+00       0.18157E+00
      0      1      -0.17667E+02       0.44663E-02      -0.74477E+00       0.22036E+00       0.29030E+00      -0.13183E+01
      0      1      -0.33527E+02      -0.33994E-02       0.18967E-01       0.22949E+00       0.94271E+00      -0.98865E+00
      0      1      -0.33275E+02       0.56332E-02       0.59699E+00      -0.70920E+00      -0.10540E+00      -0.73229E+00
      0      1      -0.39813E+02      -0.44538E-02      -0.42866E+00       0.11972E+01      -0.17879E+00       0.10805E+01
      0      1       0.37803E+02      -0.19702E-02      -0.16905E+00       0.13863E+01      -0.75080E+00       0.55797E+00
      0      1      -0.20368E+02      -0.59415E-02      -0.23335E+00       0.90498E+00      -0.45443E+00       0.67236E+00
      0      1      -0.10962E+02      -0.11740E-03      -0.64657E+00      -0.92339E-02       0.72229E-01      -0.60901E+00
      0      1       0.23236E+02      -0.41075E-02      -0.13917E-01       0.61161E+00      -0.87342E+00      -0.30634E+00
      0      1       0.35821E+01       0.56111E-03       0.24744E+00      -0.48749E+00       0.12715E+00      -0.35660E+00
      0      1       0.17227E+02       0.15555E-02      -0.76299E+00       0.66963E+00      -0.39393E+00      -0.71895E+00
      0      1       0.36465E+02      -0.92291E-03      -0.26984E+00      -0.89165E-01      -0.47196E+00      -0.16415E+00
      0      1      -0.87441E+00      -0.27770E-02      -0.28077E+00       0.32930E+00       0.71445E+00      -0.15780E+01
      0      1       0.31754E+02      -0.48007E-02      -0.35497E+00      -0.83323E+00      -0.29042E+00      -0.60151E+00
      0      1      -0.91123E+01      -0.79184E-03       0.48983E+00      -0.81019E+00       0.17495E+00      -0.63786E+00
      0      1      -0.41083E+02       0.14751E-02      -0.47312E+00       0.10784E+01      -0.23898E+00      -0.41149E-01
      0      1      -0.12458E+02      -0.39589E-02      -0.65340E+00      -0.54008E+00       0.23037E-01      -0.50439E+00
      0      1       0.26873E+02       0.53137E-03      -0.30596E+00      -0.15220E+00      -0.87341E+00       0.11063E+01
      0      1       0.15396E+02      -0.38095E-02       0.14337E+00       0.59740E+00       0.70355E+00      -0.13541E+01
      0      1      -0.18463E+02       0.60730E-02      -0.50191E+00      -0.41881E+00       0.15956E+00       0.51276E+00
      0      1      -0.29342E+02      -0.14596E-02       0.61943E+00       0.52897E-01       0.48546E+00      -0.23114E+00
      0      1      -0.26181E+02       0.52065E-02       0.13862E+00      -0.14489E+01       0.36232E+00      -0.46388E-01
      0      1      -0.12316E+02      -0.65217E-02       0.73990E-01      -0.11481E+01      -0.63813E+00      -0.49423E+00
      0      1      -0.11382E+02       0.60683E-02      -0.33563E+00       0.18899E+01       0.42442E-01      -0.25146E+00
      0      1      -0.31356E+02       0.38693E-02      -0.70823E+00      -0.16072E+00       0.43543E+00      -0.46574E+00
      0      1       0.19206E+02      -0.31298E-02      -0.22313E+00       0.30248E+00      -0.31984E+00       0.13675E+01
      0      1       0.39316E+02       0.36398E-02       0.63123E-01      -0.15145E+01       0.32677E+00      -0.11744E+01
      0      1      -0.19419E+02       0.58779E-02      -0.60133E+00      -0.57901E+00      -0.31369E-02       0.33595E+00
      0      1      -0.35215E+02       0.19762E-02       0.38968E+00      -0.35206E+00       0.45000E+00      -0.51157E+00
      0      1      -0.33231E+02      -0.29010E-02       0.87310E+00      -0.64413E+00      -0.25346E+00      -0.62787E+00
      0      1       0.37153E+01      -0.62494E-02       0.49985E+00      -0.80250E+00       0.45186E+00      -0.82666E+00
      0      1       0.37314E+02       0.35610E-02      -0.42901E+00       0.12376E+01       0.39875E+00      -0.21989E+00
      0      1      -0.52723E+01      -0.25696E-02      -0.52061E+00       0.56374E+00      -0.21696E+00      -0.63122E+00
      0      1       0.39434E+01       0.36476E-02      -0.19577E+00      -0.11706E+01      -0.15316E+00       0.11612E+01
      0      1       0.25780E+02       0.48928E-02       0.50761E+00      -0.93191E-01       0.58592E+00       0.69853E+00
      0      1       0.13786E+02      -0.35531E-02       0.27166E-01      -0.22150E+00      -0.56663E+00       0.87307E+00
      0      1       0.33663E+02       0.60165E-02      -0.49202E+00      -0.86593E+00       0.33776E+00      -0.87952E+00
      0      1       0.12196E+02       0.49249E-02       0.33203E+00      -0.14798E+01      -0.22923E+00       0.58121E+00
      0      1       0.25668E+02       0.44329E-02       0.49230E+00      -0.87767E+00       0.72690E-01      -0.64190E-01
      0      1      -0.17484E+02       0.63015E-03       0.26872E+00       0.11145E+01       0.20849E-01       0.15788E+00
      0      1      -0.39302E+02       0.30084E-02      -0.32126E+00       0.52913E+00      -0.56035E+00       0.36393E+00
      0      1       0.34878E+02       0.62736E-02      -0.76478E+00       0.12504E+01      -0.23211E+00      -0.65577E+00
      0      1      -0.25483E+02       0.38730E-02      -0.37522E-01      -0.13729E+01      -0.56515E-02       0.18016E+00
      0      1      -0.88863E+01      -0.36193E-02       0.29454E+00       0.52231E+00       0.35915E+00      -0.40710E+00
      0      1      -0.31885E+02      -0.44999E-02      -0.67117E+00       0.96840E+00      -0.38258E+00       0.39547E+00
      0      1      -0.36252E+02       0.38096E-02      -0.11486E+00      -0.11073E-01      -0.66418E+00       0.54072E+00
      0      1      -0.12189E+01       0.49266E-02       0.57790E-01      -0.46633E+00       0.53356E+00      -0.88039E+00
      0      1       0.22644E+02      -0.30663E-02       0.70130E+00      -0.30770E+00       0.78419E+00      -0.24168E+00
      0      1      -0.23171E+00       0.43381E-02      -0.56899E+00       0.48184E+00      -0.34572E-01      -0.44226E+00
      0      1      -0.31187E+02       0.35444E-02       0.64787E+00       0.92886E+00      -0.13110E+00       0.27464E+00
      0      1       0.22080E+02       0.58306E-03      -0.69691E+00       0.73790E+00      -0.28063E+00      -0.75411E+00
      0      1       0.24927E+01      -0.65388E-02      -0.40745E+00      -0.52313E+00       0.53210E+00      -0.10298E+01
      0      1       0.21430E+02       0.26615E-02       0.18867E-01       0.16427E+01       0.12002E+00       0.52846E+00
      0      1       0.17745E+02      -0.28936E-02      -0.62076E+00      -0.23540E+00       0.41642E+00       0.63428E+00
      0      1      -0.13845E+02      -0.42655E-02      -0.47845E+00       0.14325E+01      -0.18527E+00       0.71373E+00
      0      1      -0.13129E+02       0.41732E-02      -0.64152E+00       0.11920E+01       0.11096E+00       0.74276E+00
      0      1       0.11059E+02      -0.29279E-03      -0.18078E+00      -0.92189E+00       0.26186E+00      -0.29431E+00
      0      1      -0.23367E+02       0.44654E-02      -0.60973E+00      -0.32269E-01       0.58877E+00      -0.53320E+00
      0      1      -0.38452E+02       0.37227E-02      -0.92790E-01       0.17941E+01       0.54083E-02      -0.75657E-01
      0      1      -0.25178E+02      -0.28881E-02      -0.32536E+00       0.10324E+01      -0.21169E+00       0.64423E-01
      0      1       0.19685E+02       0.16461E-02      -0.14703E+00       0.27000E+00       0.66266E+00      -0.11589E+00
      0      1       0.32420E+02       0.63028E-02      -0.19120E+00       0.39369E+00       0.38298E+00      -0.20832E-01
      0      1       0.23331E+02      -0.22817E-02      -0.49768E+00       0.72995E+00       0.18258E-01      -0.11617E+01
      0      1       0.58882E+01       0.57618E-02      -0.78009E-01       0.58591E+00       0.15265E+00      -0.42443E+00
      0      1      -0.24914E+02       0.40266E-02       0.85973E-01       0.88453E+00       0.12021E+00      -0.53956E+00
      0      1      -0.36857E+02      -0.27643E-02      -0.55101E+00       0.99495E+00       0.46314E+00      -0.71439E+00
      0      1       0.98343E+01      -0.76385E-03      -0.52192E-01       0.91847E-01       0.29740E+00      -0.26883E+00
      0      1       0.31772E+02       0.55815E-02       0.62696E-01      -0.15570E+01       0.13734E+00      -0.10857E+01
      0      1       0.32461E+02      -0.32225E-02      -0.59818E+00       0.69673E+00       0.11813E+00      -0.35875E+00
      0      1      -0.93219E+01       0.17628E-03       0.56144E-01      -0.19476E+00      -0.56927E+00       0.79607E+00
      0      1       0.35617E+02       0.56824E-02       0.36734E+00      -0.79131E+00       0.57033E-01       0.69288E+00
      0      1      -0.22963E+02      -0.38641E-02      -0.64263E+00       0.11291E+00      -0.72622E+00      -0.36600E-01
      0      1      -0.11239E+01      -0.63655E-02      -0.12910E+00      -0.89008E+00      -0.25898E+00       0.82478E+00
      0      1      -0.12095E+02       0.43651E-02       0.28260E+00       0.13590E+01      -0.92059E-01      -0.38603E+00
      0      1       0.17272E+02      -0.55559E-02       0.15170E+00       0.11461E+00      -0.17885E+00      -0.85539E+00
      0      1      -0.29855E+02       0.30398E-02      -0.29552E+00       0.14403E+01      -0.39170E+00       0.79492E+00
      0      1      -0.20779E+02      -0.31029E-02       0.85646E-01      -0.92745E+00       0.50101E+00      -0.12238E+01
      0      1      -0.21496E+01      -0.23554E-02       0.20109E+00      -0.70910E+00      -0.39013E+00      -0.64113E+00
      0      1       0.37261E+02       0.59723E-04      -0.92187E-01       0.13503E+01      -0.49686E+00      -0.32718E+00
      0      1      -0.19495E+02      -0.36386E-02      -0.58874E+00       0.72500E+00       0.72741E+00      -0.10873E+01
      0      1      -0.41539E+02      -0.63754E-02      -0.22557E+00      -0.26710E+00       0.52717E+00       0.12229E+00
      0      1      -0.41008E+02       0.45320E-02      -0.53552E+00      -0.41402E+00      -0.14480E+00       0.70446E+00
      0      1       0.66389E+00       0.32070E-02       0.69661E+00      -0.90464E+00      -0.38737E+00       0.50998E+00
      0      1      -0.20519E+02       0.94686E-03       0.23445E+00      -0.17621E+01       0.66640E-01      -0.99995E+00
      0      1      -0.11002E+02       0.63713E-03      -0.19528E+00      -0.16116E+00      -0.20151E+00       0.87913E-02
      0      1       0.19435E+02      -0.23401E-03       0.33063E+00      -0.12978E+01       0.47191E-01       0.38907E-01
      0      1      -0.41097E+02       0.47516E-03      -0.23396E+00      -0.88694E+00       0.18162E+00       0.72658E+00
      0      1       0.31735E+02      -0.15039E-02       0.19610E+00      -0.10602E+01       0.21495E-01      -0.33902E+00
      0      1      -0.32728E+02      -0.67164E-02      -0.23528E+00       0.10658E+01       0.82854E+00       0.18472E+00
      0      1      -0.10231E+01      -0.78280E-03      -0.56035E+00      -0.37736E+00       0.78645E-01      -0.47840E+00
      0      1      -0.67530E+01      -0.28120E-02       0.42967E+00       0.93683E+00      -0.35608E+00       0.10515E+00
      0      1       0.80911E+00       0.21368E-02      -0.16601E+00       0.20372E+00       0.90380E+00      -0.38914E+00
      0      1      -0.30728E+02       0.84894E-03       0.53264E+00      -0.55815E+00      -0.71356E+00       0.45913E-02
      0      1      -0.38461E+02      -0.66114E-02      -0.55856E+00       0.17202E+01      -0.42878E+00      -0.22290E+00
      0      1      -0.83768E+01      -0.66523E-02       0.75463E+00      -0.42021E+00       0.57891E+00      -0.81837E+00
      0      1      -0.85482E+01      -0.54153E-02       0.75488E+00      -0.87111E+00       0.48842E+00       0.13452E+00
      0      1       0.37208E+02       0.65101E-02      -0.32656E+00      -0.99097E+00      -0.62157E+00       0.60888E+00
      0      1      -0.48366E+01      -0.24752E-02       0.50946E+00      -0.32034E+00       0.80724E+00      -0.10381E+01
      0      1      -0.31586E+02      -0.31852E-02       0.19328E+00       0.74661E+00       0.41195E+00       0.10727E+00
      0      1      -0.35281E+02       0.18742E-02       0.51143E+00      -0.51862E+00      -0.60226E+00       0.65845E+00
      0      1       0.26957E+02      -0.15103E-03       0.56741E+00      -0.16457E+01       0.22097E+00      -0.31651E+00
      0      1       0.31779E+02      -0.47297E-02      -0.11460E+00      -0.12378E+00       0.67966E+00      -0.12388E+01
      0      1       0.39084E+02       0.53120E-02      -0.56636E+00       0.74184E+00       0.78872E+00      -0.77315E+00
      0      1       0.88261E+01      -0.22792E-02      -0.23070E+00      -0.58716E-02       0.25980E+00      -0.12355E+00
      0      1       0.17316E+02       0.65446E-02       0.94712E+00      -0.16267E+00       0.96558E-01      -0.43314E+00
      0      1       0.17734E+02      -0.55478E-02       0.20965E-01       0.10223E+00       0.85230E+00       0.51664E+00
      0      1       0.35200E+01       0.59049E-02       0.75330E+00      -0.80941E+00       0.49926E+00      -0.99534E+00
      0      1       0.32707E+02      -0.66452E-02       0.39755E-01      -0.86638E+00      -0.13077E+00      -0.40748E-01
      0      1      -0.19124E+02       0.63063E-03       0.13783E+00      -0.15649E+01      -0.19549E+00      -0.54572E+00
      0      1      -0.15033E+02       0.64723E-02       0.79988E+00      -0.33487E+00      -0.23820E+00      -0.57423E+00
      0      1      -0.41059E+02      -0.36221E-02      -0.58633E+00       0.47854E+00       0.75391E+00      -0.10344E+01
      0      1      -0.12005E+01       0.58616E-02      -0.80682E+00       0.18862E+00       0.24495E+00      -0.26734E+00
      0      1      -0.32080E+02       0.26782E-02      -0.35873E+00       0.34040E-01       0.21010E+00      -0.62712E+00
      0      1      -0.14684E+02      -0.28502E-02      -0.74944E+00       0.11705E+01       0.41998E+00       0.25109E+00
      0      1       0.60107E+01      -0.17460E-02       0.39119E+00      -0.41598E+00       0.52125E+00       0.30961E+00
      0      1       0.25807E+02       0.58476E-02       0.73656E+00       0.39151E+00       0.18227E+00      -0.39202E+00
      0      1      -0.23396E+02       0.52472E-02       0.70462E+00       0.11736E+00      -0.52072E+00       0.97064E+00
      0      1       0.29570E+02      -0.64162E-03       0.87706E+00      -0.79087E+00      -0.16236E+00      -0.71476E-01
      0      1      -0.19366E+02       0.44228E-02       0.29009E-01      -0.98113E+00       0.36733E+00      -0.68374E+00
      0      1      -0.19340E+02       0.14554E-02       0.38040E+00       0.37433E+00      -0.24339E+00       0.11435E+01
      0      1       0.18532E+02      -0.30756E-02       0.59951E+00      -0.39560E+00      -0.79822E+00      -0.72436E-01
      0      1       0.37746E+02      -0.39309E-02       0.32020E+00      -0.67262E+00       0.49845E+00      -0.68320E+00
      0      1       0.24947E+02      -0.59085E-02      -0.43836E+00      -0.16461E-01       0.26844E+00      -0.97846E+00
      0      1      -0.39834E+02       0.27053E-02       0.11690E-01       0.12964E+01       0.29966E+00       0.68943E-02
      0      1       0.48116E+01      -0.36545E-02      -0.28522E+00      -0.71268E+00      -0.93758E-01       0.51866E+00
      0      1      -0.32677E+02      -0.51000E-02       0.10070E+00      -0.17099E+01      -0.27911E+00      -0.18303E+00
      0      1       0.88104E+01       0.16617E-02       0.27368E+00      -0.38881E+00      -0.61662E+00       0.11764E+01
      0      1       0.29428E+01      -0.28377E-02      -0.89839E+00       0.87213E+00       0.25777E+00       0.87491E+00
      0      1      -0.15102E+02      -0.36461E-02      -0.75759E+00       0.62738E+00       0.65075E+00      -0.76662E+00
      0      1       0.33185E+02      -0.26458E-03      -0.56065E+00       0.15864E+01      -0.47513E+00       0.60156E+00
      0      1      -0.28787E+02      -0.66088E-02      -0.31380E+00      -0.33809E+00       0.15810E+00      -0.61760E+00
      0      1      -0.33718E+02      -0.13245E-02      -0.84333E-01      -0.67590E+00      -0.69766E+00       0.10670E+00
      0      1       0.26120E+02      -0.48573E-03       0.59916E+00      -0.47219E+00      -0.73282E+00      -0.41384E+00
      0      1       0.31270E+02       0.33953E-02       0.75473E+00      -0.82664E+00       0.39115E+00       0.57071E+00
      0      1       0.25251E+02       0.58318E-02      -0.56856E+00       0.84944E+00      -0.42093E+00       0.11069E+00
      0      1      -0.36913E+00      -0.10476E-02       0.14652E-01       0.42722E+00       0.69630E+00       0.46760E+00
      0      1       0.20724E+02      -0.60391E-02      -0.43531E+00       0.11968E+01      -0.66118E+00      -0.50879E+00
      0      1       0.20390E+02      -0.41428E-02       0.74176E-01       0.28600E+00      -0.68969E-01       0.40521E+00
      0      1       0.33273E+02       0.19213E-02       0.20065E+00       0.13777E+01       0.14766E+00       0.91040E+00
      0      1      -0.15162E+02       0.24386E-02       0.72856E-01       0.53411E+00      -0.30289E+00       0.85422E+00
      0      1       0.36779E+02       0.12620E-02       0.32209E-01      -0.11059E+01      -0.59590E+00       0.94711E+00
      0      1      -0.21838E+01      -0.10376E-02       0.42596E+00      -0.42327E+00      -0.74750E+00      -0.44858E+00
      0      1       0.34648E+02       0.28085E-02       0.45668E+00      -0.92667E+00      -0.58874E+00      -0.31398E+00
      0      1       0.22789E+02      -0.18819E-02      -0.66200E+00       0.10357E+01      -0.62024E+00       0.73986E+00
      0      1       0.12323E+02       0.53844E-02       0.44024E-01       0.24772E+00       0.11073E-01      -0.77368E+00
      0      1      -0.78691E+01      -0.37316E-02       0.52392E+00      -0.11774E+01       0.25562E+00      -0.99897E+00
      0      1       0.29200E+02      -0.53778E-02       0.71816E+00      -0.10644E+01      -0.13961E-01      -0.50677E+00
      0      1       0.43054E+01      -0.65771E-02      -0.20477E+00      -0.22369E+00      -0.11582E+00      -0.68836E+00
      0      1       0.45347E+00      -0.95221E-03       0.35645E+00       0.86141E+00      -0.15883E+00       0.77239E+00
      0      1      -0.22017E+02       0.14065E-02      -0.34375E+00       0.17503E+01      -0.49546E+00      -0.74604E-01
      0      1       0.20680E+02       0.39944E-02       0.10000E+01      -0.30750E+00       0.56065E-01      -0.54070E+00
      0      1      -0.77722E+01       0.64000E-02      -0.50268E+00       0.11229E+00      -0.60260E+00      -0.64040E+00
      0      1      -0.17453E+02      -0.18934E-02       0.18876E+00      -0.27582E+00      -0.19469E+00       0.83238E+00
      0      1      -0.29233E+02      -0.51455E-02       0.28243E+00      -0.11205E+00       0.43726E+00      -0.39953E+00
      0      1      -0.12214E+02       0.21125E-03      -0.13000E+00       0.41208E+00      -0.35954E+00       0.76858E+00
      0      1       0.10070E+02       0.48948E-02       0.14149E+00      -0.52085E+00      -0.65906E+00       0.28279E-01
      0      1       0.33471E+02       0.26889E-02      -0.11708E-01       0.18369E+01      -0.20585E+00      -0.24780E+00
      0      1       0.33278E+02      -0.66035E-02       0.33996E+00      -0.93700E+00       0.76757E+00       0.55418E+00
      0      1       0.90167E+01      -0.52096E-03       0.38152E+00       0.68575E+00      -0.22210E+00       0.94449E+00
      0      1       0.82118E+01      -0.66627E-03       0.61298E+00       0.14335E+00      -0.35415E+00       0.11520E+01
      0      1      -0.11234E+02       0.49350E-02      -0.38177E-01      -0.10537E+01      -0.72074E+00       0.14100E-01
      0      1       0.16327E+02      -0.28563E-02      -0.36827E+00       0.12358E+01      -0.48705E+00       0.12188E+01
      0      1      -0.17511E+02      -0.23348E-02      -0.40593E+00       0.16844E+00       0.87415E+00      -0.39469E+00
      0      1       0.14157E+02      -0.54233E-02       0.50162E+00       0.10020E+01      -0.60339E-01      -0.53458E+00
      0      1      -0.40860E+02       0.49561E-02       0.20146E-02      -0.70585E+00       0.26557E+00      -0.11524E+01
      0      1       0.14223E+02      -0.56665E-02      -0.72020E+00       0.15309E+00       0.70989E+00      -0.17435E+00
      0      1      -0.30697E+02      -0.61262E-02      -0.32697E+00       0.20476E+01       0.50925E-02      -0.46085E+00
      0      1      -0.21366E+02      -0.65315E-02      -0.56691E+00      -0.55745E+00       0.58074E+00      -0.80538E-01
      0      1      -0.68542E+01       0.45527E-03      -0.87010E-01       0.47848E+00      -0.65510E+00       0.12832E+00
      0      1      -0.11908E+02       0.45152E-02       0.71744E+00      -0.87912E+00      -0.42227E-01      -0.50671E+00
      0      1       0.38483E+02      -0.11099E-02      -0.31228E+00      -0.49288E+00      -0.14217E+00      -0.77949E+00
      0      1      -0.33148E+02      -0.45594E-02      -0.20206E+00       0.17049E+01      -0.15327E+00      -0.65681E+00
      0      1       0.23398E+02      -0.51648E-02       0.38533E+00      -0.18642E+00      -0.12078E+00       0.82701E+00
      0      1      -0.12570E+02       0.32787E-02       0.57429E+00      -0.96067E+00      -0.18615E+00       0.11797E+01
      0      1       0.22765E+02       0.28927E-02      -0.18459E+00       0.55395E+00      -0.22219E+00       0.10427E+01
      0      1      -0.36057E+02      -0.57142E-02       0.44525E+00      -0.10281E+01      -0.78799E+00       0.50696E+00
      0      1       0.24946E+02      -0.56364E-02       0.75407E+00       0.34772E+00       0.11005E+00      -0.15564E+00
      0      1       0.19674E+02       0.20948E-02      -0.93870E-01      -0.63226E+00       0.53012E+00       0.24781E+00
      0      1      -0.10016E+02      -0.51505E-02      -0.66871E-01       0.83896E+00      -0.14568E+00       0.62702E+00
      0      1       0.17462E+02       0.51493E-02       0.52464E+00      -0.55394E+00      -0.44604E+00      -0.16316E+00
      0      1       0.83238E+01       0.51137E-02       0.81443E+00      -0.45154E+00      -0.44080E+00      -0.17164E+00
      0      1       0.17810E+02      -0.52927E-02       0.84766E-01      -0.25806E+00       0.67612E+00      -0.63170E+00
      0      1       0.18637E+01       0.57920E-02      -0.51375E+00      -0.27236E+00      -0.11193E+00       0.94069E+00
      0      1      -0.57750E+01       0.22818E-02      -0.39687E-01      -0.11055E+01       0.17528E+00      -0.20614E+00
      0      1      -0.79644E+01      -0.10708E-02       0.53773E+00       0.12707E+00      -0.15920E+00      -0.61636E+00
      0      1       0.49932E+01      -0.39807E-02       0.32935E+00      -0.45608E+00       0.65414E+00      -0.54120E+00
      0      1       0.26107E+01       0.63303E-02      -0.30021E+00       0.11027E+01      -0.31374E+00       0.12214E+01
      0      1       0.10514E+02      -0.63791E-02       0.20969E+00      -0.13755E+01       0.42972E+00      -0.20033E+00
      0      1      -0.74577E+01      -0.45293E-02       0.49902E+00      -0.18633E+01       0.16061E+00       0.74612E+00
      0      1      -0.19327E+02      -0.25537E-02      -0.63827E+00       0.45228E+00      -0.48265E-01       0.68826E+00
      0      1      -0.14687E+02      -0.36858E-02      -0.38060E+00      -0.74223E+00       0.40265E-01       0.54065E+00
      0      1       0.99161E+01       0.61388E-02      -0.16160E+00       0.69113E+00      -0.47444E+00       0.90490E+00
      0      1      -0.10495E+02      -0.34507E-02       0.58591E+00       0.50948E+00      -0.14499E+00      -0.44555E+00
      0      1       0.98092E+01      -0.39262E-02       0.74241E+00      -0.90467E+00      -0.33801E+00      -0.73557E+00
      0      1       0.27688E+02       0.47693E-02      -0.35337E+00      -0.10889E+01      -0.24825E+00      -0.14210E+00
      0      1      -0.60067E+01      -0.52143E-02       0.95961E-01       0.12299E+01       0.59599E+00       0.28329E+00
      0      1      -0.24008E+02       0.49399E-02       0.44298E+00       0.40603E+00      -0.64402E+00      -0.12977E+00
      0      1      -0.12845E+02      -0.18264E-02      -0.81037E+00       0.65602E+00      -0.37411E+00      -0.29186E+00
      0      1       0.13165E+02      -0.40006E-02       0.41050E+00      -0.40442E+00      -0.15359E+00       0.51432E+00
      0      1       0.40940E+01       0.26727E-02      -0.85476E+00       0.23551E+00       0.71882E-01       0.48421E+00
      0      1      -0.12411E+02       0.61378E-02       0.53141E+00       0.54025E-01      -0.55871E+00       0.31390E+00
      0      1      -0.99309E+00      -0.10519E-02       0.83245E+00      -0.85690E+00      -0.41302E-01      -0.17020E+00
      0      1      -0.40341E+02       0.32435E-02       0.14025E+00      -0.16082E+00       0.51444E+00       0.42293E+00
      0      1      -0.38532E+02       0.40982E-02      -0.30634E+00       0.11277E+01       0.29708E+00       0.66877E+00
      0      1       0.25119E+02      -0.81400E-03      -0.27174E+00       0.19156E+01      -0.16699E+00       0.62257E+00
      0      1       0.13602E+02       0.57716E-02      -0.41077E+00      -0.45455E+00       0.45337E+00      -0.81879E+00
      0      1       0.11469E+02       0.30416E-02       0.63851E+00      -0.57838E+00       0.40234E+00      -0.13772E+01
      0      1      -0.20420E+02       0.50868E-02       0.18438E-01       0.20009E+00      -0.39039E+00       0.19129E+00
      0      1      -0.24175E+02      -0.25273E-02      -0.22210E+00      -0.36259E+00      -0.53492E+00       0.79200E+00
      0      1       0.79620E+01      -0.13096E-02      -0.48662E+00      -0.95314E+00       0.18639E+00       0.35520E+00
      0      1       0.31889E+02       0.44965E-02      -0.11396E+00      -0.74937E+00      -0.32781E+00       0.77707E-01
      0      1       0.77638E+01      -0.98906E-03      -0.64253E-01      -0.16804E+01      -0.67837E-01       0.29428E-01
      0      1      -0.14562E+02       0.25151E-02      -0.29332E+00      -0.29420E+00       0.73941E+00      -0.12018E+01
      0      1       0.19929E+02       0.34979E-02      -0.64619E-01       0.45360E-01       0.32770E+00       0.84479E+00
      0      1       0.39537E+02       0.51702E-02      -0.20073E-01       0.13358E+01      -0.12240E+00      -0.62241E+00
      0      1       0.27920E+02       0.43328E-02      -0.54084E+00      -0.27949E+00      -0.71161E+00      -0.17959E+00
      0      1      -0.22396E+02       0.86091E-03       0.59644E+00      -0.66748E+00      -0.32307E+00       0.41150E+00
      0      1      -0.40848E+02      -0.64325E-02      -0.31697E+00      -0.65826E+00      -0.61008E+00       0.81747E-01
      0      1       0.25244E+02      -0.47104E-02       0.60622E+00      -0.61343E+00      -0.66893E+00       0.51807E+00
      0      1      -0.18905E+02      -0.81187E-04      -0.49953E+00       0.16474E+01      -0.17479E+00      -0.24344E+00
      0      1      -0.54307E+00       0.56021E-02       0.98100E-01      -0.16648E+01       0.11206E+00       0.31746E+00
      0      1      -0.33266E+02       0.37387E-02      -0.54244E+00       0.89482E+00       0.62968E+00      -0.74912E+00
      0      1       0.30643E+02      -0.20383E-02      -0.29682E+00       0.14275E+01       0.43330E+00      -0.10530E+01
      0      1       0.19660E+02       0.49394E-02      -0.43321E+00       0.13648E+01       0.32903E+00       0.60703E+00
      0      1       0.22750E+02       0.16291E-02       0.24478E-01      -0.15491E+01       0.13734E+00       0.65138E+00
      0      1       0.29458E+02      -0.41745E-02      -0.53410E+00      -0.94486E-01       0.19211E+00       0.98116E+00
      0      1       0.35276E+02      -0.52921E-02      -0.17055E+00       0.95162E+00      -0.43200E+00       0.46741E-01
      0      1       0.29252E+02      -0.30040E-02      -0.24263E+00      -0.85125E+00      -0.60092E+00      -0.93606E-01
      0      1       0.34395E+02      -0.32241E-02      -0.75206E+00      -0.56206E-02       0.30796E+00      -0.10428E+01
      0      1      -0.25857E+02      -0.43232E-03       0.30247E+00      -0.25798E+00       0.79633E+00      -0.13683E+01
      0      1      -0.36478E+02       0.36926E-02      -0.33416E-01      -0.17703E+01       0.19279E+00       0.42564E-01
      0      1       0.89397E+01      -0.29718E-02      -0.36171E-01      -0.10154E+01       0.39248E+00      -0.26072E+00
      0      1      -0.75409E+01      -0.63661E-02       0.69402E+00       0.21245E+00      -0.13961E+00       0.90270E+00
      0      1      -0.60744E-01       0.17835E-03       0.40129E-01      -0.11468E+01      -0.91171E-01       0.84011E+00
      0      1       0.12845E+02      -0.64906E-02      -0.83795E+00       0.11468E+01      -0.70780E-01       0.57092E-01
      0      1       0.29826E+02       0.53983E-02      -0.67395E-01      -0.29715E+00       0.52782E+00      -0.56352E+00
      0      1       0.61870E+01       0.21507E-02       0.67885E+00       0.12705E+00      -0.43872E-01      -0.13990E+00
      0      1      -0.79095E+01       0.61890E-02      -0.58730E+00      -0.22179E+00      -0.21208E-01      -0.41824E+00
      0      1      -0.39183E+01      -0.11119E-03      -0.25433E+00       0.17162E+01       0.24907E+00      -0.72556E+00
      0      1      -0.41942E+01       0.35769E-02       0.10842E+00      -0.64951E+00       0.74025E+00      -0.29724E+00
      0      1      -0.32484E+02      -0.22410E-02       0.62892E+00       0.73074E+00      -0.34023E+00      -0.15406E-01
      0      1      -0.16345E+02      -0.28757E-03       0.42879E+00      -0.55664E+00       0.33030E+00      -0.81497E+00
      0      1       0.27562E+02       0.29469E-02      -0.48185E+00      -0.81947E-01       0.61018E+00      -0.14541E+01
      0      1      -0.40944E+02       0.29122E-03       0.11644E+00       0.76647E+00       0.34081E-01      -0.11531E+01
      0      1       0.11269E+02       0.12142E-02      -0.63874E+00       0.81516E+00      -0.89746E-02      -0.10532E+01
      0      1       0.16827E+02      -0.13473E-02       0.30710E+00      -0.80983E+00       0.87161E-01      -0.16056E+00
      0      1       0.29497E+02      -0.58521E-02      -0.24845E+00       0.78655E+00       0.74944E-01      -0.14544E+00
      0      1      -0.21399E+02       0.22950E-02       0.57049E+00       0.18923E+00       0.22757E+00      -0.79887E+00
      0      1       0.34976E+02      -0.65044E-02       0.76955E+00      -0.90019E+00      -0.11877E+00      -0.11403E+00
      0      1      -0.37529E+02       0.29659E-02      -0.29861E+00       0.15001E+01      -0.15067E+00      -0.94753E+00
      0      1      -0.47271E+01      -0.63145E-03       0.21994E+00      -0.18754E+01       0.25508E+00       0.56604E+00
      0      1       0.44558E+01      -0.35390E-02      -0.57343E+00       0.10259E+01      -0.27617E+00      -0.13428E+00
      0      1      -0.36046E+02       0.22648E-02      -0.28467E+00      -0.64559E-01       0.84829E+00      -0.12235E+01
      0      1       0.10659E+02      -0.24611E-02      -0.24653E+00      -0.10436E+01      -0.54040E+00      -0.71896E+00
      0      1      -0.35271E+02       0.42976E-03       0.41653E+00      -0.15765E+01       0.42210E+00      -0.89761E-01
      0      1      -0.61481E+01       0.34040E-02      -0.28086E+00      -0.70921E+00       0.47054E+00      -0.79154E+00
      0      1       0.17777E+02      -0.16632E-02      -0.87188E+00       0.47960E+00       0.12021E-01       0.77765E+00
      0      1       0.34979E+02       0.29672E-02       0.22284E+00       0.57174E+00       0.82336E+00      -0.32854E+00
      0      1      -0.31284E+02      -0.43742E-03      -0.44600E+00      -0.27825E-01      -0.49845E-01      -0.95181E+00
      0      1       0.17496E+02      -0.63206E-02      -0.16502E-02      -0.54651E+00      -0.72278E+00       0.11027E+00
      0      1      -0.47387E+01      -0.60305E-03      -0.26690E+00      -0.88918E+00       0.22977E+00      -0.59808E+00
      0      1       0.56736E+01       0.42880E-02       0.24983E+00       0.12403E+01       0.12534E+00      -0.11051E+01
      0      1       0.24430E+02      -0.32084E-02      -0.37817E-01      -0.10535E+01      -0.40565E+00       0.57345E+00
      0      1      -0.15535E+02       0.53098E-02      -0.67157E+00       0.10358E+01       0.43229E+00      -0.20218E-01
      0      1       0.33293E+02       0.45991E-02       0.28778E+00      -0.22178E+00       0.61485E+00       0.26534E+00
      0      1       0.36562E+02       0.54539E-02       0.19409E-01      -0.83046E+00      -0.63468E+00      -0.42348E+00
      0      1      -0.30942E+02       0.10688E-02       0.60392E+00      -0.28804E+00      -0.69390E+00       0.68728E+00
      0      1      -0.76241E-01      -0.31060E-02      -0.73748E+00       0.10685E+01      -0.42946E+00       0.10071E+01
      0      1       0.22554E+02      -0.21811E-02       0.85417E+00      -0.11330E+01      -0.73406E-01       0.77966E+00
      0      1       0.20911E+02      -0.33146E-03       0.71562E+00      -0.11794E+01      -0.22064E+00      -0.21179E+00
      0      1       0.77442E+01       0.29394E-02       0.29656E+00      -0.10975E+01      -0.41496E+00       0.13501E+01
      0      1      -0.26178E+02      -0.61525E-02      -0.59757E-01      -0.41040E-01       0.47149E+00      -0.52294E+00
      0      1      -0.15927E+02      -0.33600E-02      -0.47054E+00      -0.30989E+00       0.69439E+00      -0.81099E+00
      0      1       0.21312E+02      -0.46806E-02       0.10184E+00      -0.18421E+01       0.23649E+00      -0.58608E+00
      0      1       0.26999E+02      -0.78908E-03      -0.10976E+00       0.70332E+00      -0.62006E+00      -0.69998E+00
      0      1       0.35410E+02      -0.70417E-03      -0.69218E+00       0.53557E+00       0.10954E+00      -0.77591E-01
      0      1       0.24517E+01      -0.64076E-02      -0.58728E+00       0.13099E+01      -0.46898E+00      -0.47992E+00
      0      1      -0.35089E+02       0.81276E-03      -0.87999E+00       0.84211E+00      -0.34248E-01      -0.10294E+01
      0      1      -0.22403E+02      -0.52770E-02      -0.29968E+00       0.66630E+00      -0.53309E-01      -0.51446E+00
      0      1      -0.16172E+02      -0.23366E-02       0.46284E+00      -0.14775E+01      -0.40677E+00       0.80078E+00
      0      1       0.35678E+02      -0.10823E-04      -0.34833E+00      -0.73040E+00      -0.39998E-01       0.76497E+00
      0      1       0.12885E+02       0.62363E-02      -0.46018E+00       0.49171E+00       0.36850E+00      -0.87759E+00
      0      1       0.16024E+02       0.36531E-02       0.21790E+00      -0.19884E+00      -0.37908E+00       0.10656E+01
      0      1       0.16393E+02       0.30075E-02      -0.33266E+00      -0.81462E+00       0.30824E-01       0.43518E+00
      0      1      -0.36504E+02      -0.30866E-02      -0.53001E-01      -0.43950E+00      -0.50324E-01      -0.56390E+00
      0      1      -0.33651E+02       0.52862E-02      -0.16430E+00      -0.28458E+00       0.42768E+00      -0.54447E+00
      0      1       0.31307E+02       0.16103E-02       0.15273E+00       0.10199E+01       0.29887E+00       0.39932E+00
      0      1       0.15957E+02       0.12194E-02       0.86776E-01       0.17576E+01       0.19559E+00       0.16288E+00
      0      1       0.18365E+02       0.11258E-02      -0.42144E+00       0.16868E+01      -0.34442E+00       0.22508E+00
      0      1       0.22689E+02      -0.11341E-02       0.71303E+00      -0.12941E+01      -0.69965E-01      -0.27106E+00
      0      1       0.51459E+01       0.50015E-03       0.33093E+00       0.66102E+00      -0.73404E+00       0.65474E+00
      0      1       0.37090E+02       0.19827E-02      -0.19981E+00       0.18633E+01      -0.14703E+00       0.39301E+00
      0      1       0.26366E+02       0.40293E-02       0.91566E-01       0.53885E+00       0.18051E+00      -0.92273E+00
      0      1       0.28215E+02      -0.23740E-02      -0.65710E-01      -0.81176E+00      -0.12631E+00      -0.24822E-01
      0      1      -0.58099E+01       0.35663E-02      -0.95036E+00       0.12860E+00      -0.78185E-01      -0.91669E-01
      0      1      -0.25392E+02      -0.43393E-02      -0.11334E+00      -0.21342E+00       0.45036E+00      -0.83074E+00
      0      1       0.30184E+02       0.47615E-02       0.67866E+00      -0.22501E+00       0.46220E+00       0.26150E+00
      0      1      -0.15941E+02      -0.24210E-02       0.18670E+00      -0.22257E+00       0.81135E+00       0.21722E-01
      0      1      -0.34141E+02       0.12535E-02      -0.89937E+00       0.98822E+00       0.13755E+00       0.10128E+01
      0      1       0.96921E+01      -0.64525E-03      -0.37205E+00       0.20018E+01       0.71274E-02       0.37411E+00
      0      1       0.25715E+02       0.18352E-02       0.21246E+00       0.10959E+01      -0.71694E+00       0.81442E-01
      0      1      -0.23669E+02      -0.40575E-02       0.37139E+00      -0.20728E+00      -0.58262E+00       0.13964E+01
      0      1       0.21887E+02      -0.62641E-02       0.62221E+00      -0.35364E+00      -0.58559E+00       0.73543E+00
      0      1       0.30269E+01       0.60321E-02      -0.45570E+00      -0.63096E+00       0.27968E+00       0.22753E+00
      0      1      -0.41010E+02       0.63939E-02       0.64113E+00      -0.11488E+01       0.32725E+00      -0.90163E+00
      0      1      -0.34824E+01      -0.33762E-02       0.34058E+00       0.19178E+00      -0.33507E-01       0.41946E+00
      0      1      -0.36616E+02       0.31468E-02      -0.68483E+00       0.10555E+01      -0.58882E+00       0.92720E+00
      0      1       0.79125E+01      -0.43346E-02       0.48405E+00       0.49780E+00       0.43490E+00      -0.29167E+00
      0      1       0.19146E+02       0.63989E-02      -0.27378E+00      -0.87782E+00      -0.35606E+00       0.90590E+00
      0      1      -0.25106E+02       0.66572E-03       0.86806E-01       0.42678E+00      -0.94340E+00       0.70283E+00
      0      1      -0.16803E+02      -0.28851E-02       0.32692E+00       0.73302E+00      -0.24807E+00       0.11286E+01
      0      1      -0.13156E+02       0.19525E-02       0.18684E+00       0.24004E-01       0.92653E+00      -0.46170E+00
      0      1      -0.90463E+01      -0.33568E-03      -0.84677E-01      -0.12816E+01      -0.21023E+00      -0.51564E+00
      0      1      -0.36241E+02       0.18983E-02       0.14865E+00      -0.78462E+00       0.53435E+00      -0.87122E+00
      0      1      -0.36267E+02       0.91279E-05       0.70538E+00      -0.11308E+01       0.13203E+00       0.19925E+00
      0      1      -0.42174E+02       0.65078E-02      -0.71269E+00       0.98146E+00       0.50869E+00       0.32975E+00
      0      1       0.81211E+01      -0.68117E-02      -0.59160E+00       0.10071E+01       0.53136E+00       0.86565E-01
      0      1       0.23336E+01      -0.77049E-03       0.29759E+00      -0.51634E+00       0.66518E+00      -0.42353E-01
      0      1       0.10313E+02       0.93416E-03      -0.48984E+00      -0.77006E+00       0.48258E+00      -0.71562E+00
      0      1       0.28423E+01       0.47083E-02       0.52289E+00       0.39155E+00      -0.67357E+00       0.35985E+00
      0      1       0.34087E+02      -0.55368E-02       0.57745E+00       0.58899E+00       0.46831E+00      -0.61905E+00
      0      1      -0.60722E+01      -0.33484E-02      -0.80280E+00      -0.18933E+00      -0.31476E+00      -0.49673E+00
      0      1       0.12956E+02       0.28223E-02       0.90572E-01      -0.13928E+01      -0.19876E+00      -0.30321E+00
      0      1       0.14221E+02       0.25678E-02      -0.84429E-01       0.59944E+00       0.94861E+00      -0.81655E+00
      0      1      -0.32449E+02       0.17537E-02      -0.24679E+00       0.77024E+00       0.66005E+00      -0.10161E+01
      0      1       0.56890E+01      -0.20580E-02       0.19323E+00       0.80553E+00       0.77501E+00       0.36988E-01
      0      1       0.69484E+01       0.38738E-02      -0.31887E+00       0.34040E+00       0.72280E+00       0.57671E-02
      0      1       0.31623E+02       0.51568E-02      -0.15989E-01      -0.11550E+01       0.39543E+00      -0.11605E+01
      0      1       0.29938E+02      -0.18572E-02       0.28150E+00      -0.59390E+00      -0.39793E+00       0.53278E+00
      0      1      -0.13627E+02       0.28203E-02      -0.27720E+00      -0.27885E+00      -0.85644E+00       0.60989E+00
      0      1       0.31084E+01      -0.55829E-03       0.24312E+00      -0.12280E+01       0.35046E+00       0.58251E+00
      0      1       0.26317E+02       0.53075E-02      -0.18529E+00      -0.22141E+00       0.34996E+00      -0.36098E+00
      0      1       0.23656E+02       0.11194E-02       0.20914E+00      -0.89604E+00      -0.50959E+00       0.73807E+00
      0      1       0.10261E+02       0.65520E-02      -0.23766E+00      -0.23707E+00      -0.12702E+00       0.12317E+01
      0      1       0.24279E+02       0.17192E-02       0.26755E+00       0.21344E-01      -0.55145E+00       0.14254E+01
      0      1       0.12149E+02       0.44029E-02      -0.15299E-01      -0.13590E+01       0.11446E-01      -0.27262E+00
      0      1       0.76652E+01       0.64863E-02       0.72887E+00      -0.13159E+01       0.18349E+00       0.65389E+00
      0      1       0.31877E+02      -0.12738E-02      -0.25616E+00      -0.92585E+00      -0.37660E+00       0.67433E+00
      0      1      -0.30985E+02      -0.58219E-02      -0.27948E+00      -0.75306E+00       0.76164E+00       0.10372E+00
      0      1       0.27960E+02      -0.63311E-02      -0.31224E+00      -0.22309E+00       0.43125E+00       0.71692E+00
      0      1      -0.53088E+01       0.12523E-02      -0.74843E+00       0.11585E+01      -0.54442E-01      -0.32467E+00
      0      1      -0.17426E+02       0.30145E-02      -0.63049E+00      -0.34548E+00      -0.52332E+00      -0.79028E-01
      0      1      -0.38836E+02       0.34240E-02      -0.13039E+00       0.39757E+00      -0.58989E-02      -0.18859E+00
      0      1       0.84854E+01      -0.82362E-03      -0.48293E+00       0.13821E+00      -0.59847E+00      -0.99636E-01
      0      1       0.31157E+02       0.27104E-02       0.44254E+00      -0.17584E+01      -0.11032E-01      -0.40227E+00
      0      1      -0.31503E+02       0.20249E-02      -0.14533E+00       0.22040E+00       0.86381E+00      -0.92841E+00
      0      1       0.12965E+02      -0.63760E-02       0.12159E+00      -0.14470E-01      -0.30733E-02       0.70365E+00
      0      1       0.16563E+02      -0.56197E-02      -0.78701E-01       0.74746E+00      -0.52604E+00       0.42702E+00
      0      1      -0.40750E+02      -0.19457E-02       0.30955E+00       0.28711E+00      -0.14260E+00       0.22713E+00
      0      1      -0.18167E+02      -0.34855E-02      -0.95279E-01      -0.13654E+01       0.38178E+00      -0.77726E+00
      0      1      -0.91157E+01      -0.64748E-02       0.34159E-01       0.12590E+01       0.44387E+00      -0.50719E+00
      0      1      -0.14676E+02      -0.11611E-02       0.12692E+00      -0.14432E+01       0.66450E+00      -0.11361E+00
      0      1      -0.12155E+02      -0.14239E-02      -0.24491E+00      -0.11082E+01       0.38141E+00      -0.11132E+01
      0      1       0.18874E+02       0.50535E-02      -0.72743E+00      -0.45962E+00      -0.12611E+00      -0.31392E+00
      0      1       0.34542E+02       0.27188E-02      -0.62288E+00      -0.18764E+00       0.43827E+00      -0.49870E+00
      0      1      -0.17250E+02       0.16506E-03      -0.22373E+00      -0.15101E+01       0.14943E+00       0.36684E+00
      0      1       0.32307E+02       0.34072E-02       0.65916E+00      -0.20067E+00       0.57655E+00       0.57130E-01
      0      1      -0.80508E+01      -0.67967E-02       0.19115E+00      -0.12549E+01      -0.74507E+00       0.76449E+00
      0      1       0.19427E+02      -0.30294E-02       0.75925E+00      -0.89305E-02       0.64461E+00      -0.43697E+00
      0      1       0.26141E+02      -0.24576E-02      -0.12670E+00       0.11165E+01      -0.48344E+00       0.13306E+01
      0      1      -0.29873E+02       0.19508E-02      -0.76988E-01       0.15827E+01       0.47757E+00      -0.62267E+00
      0      1       0.94715E+01       0.43209E-02      -0.24894E+00       0.98354E+00      -0.64727E+00      -0.41830E+00
      0      1       0.30756E+02       0.31452E-02       0.30973E+00      -0.11514E+01      -0.43148E+00       0.50955E+00
      0      1       0.20372E+02      -0.42336E-02       0.16497E-01      -0.51810E+00      -0.36727E+00      -0.60362E+00
      0      1      -0.32117E+02       0.40316E-02      -0.47652E+00      -0.38012E+00       0.59794E+00      -0.11217E+00
      0      1      -0.23976E+02      -0.19657E-02      -0.39662E+00       0.14043E+01      -0.62812E-01       0.97546E+00
      0      1       0.33703E+02      -0.60434E-02       0.94602E-01       0.94330E+00       0.53580E-01       0.21745E+00
      0      1       0.23937E+02       0.58990E-02      -0.19016E+00       0.17172E+01      -0.27299E+00       0.66361E+00
      0      1       0.12640E+02      -0.53916E-02      -0.43335E+00      -0.43232E+00      -0.71508E+00       0.94521E+00
      0      1      -0.18240E+02       0.62710E-02       0.15731E+00      -0.10439E+00       0.55437E+00      -0.45075E+00
      0      1      -0.31062E+02       0.64302E-03      -0.18328E+00      -0.47375E+00      -0.78565E+00       0.32933E+00
      0      1       0.23067E+02       0.65510E-02      -0.56287E+00       0.46394E+00       0.55957E+00       0.73135E+00
      0      1       0.18777E+01       0.24222E-02      -0.78389E-01       0.79105E+00       0.46039E+00      -0.11200E+01
      0      1      -0.40628E+02       0.50652E-02       0.55779E+00      -0.54774E+00      -0.35656E+00       0.11597E+01
      0      1       0.87164E+01      -0.32550E-02       0.19404E+00      -0.96185E+00      -0.70403E-01      -0.62116E+00
      0      1       0.32883E+02       0.55714E-02       0.82407E-01      -0.22361E+00      -0.38506E+00       0.18375E+00
      0      1       0.18472E+02       0.65446E-02      -0.38513E+00       0.60795E+00      -0.76642E+00       0.19585E+00
      0      1       0.16441E+02      -0.58683E-03      -0.51989E+00       0.37831E-01      -0.93756E-01      -0.73285E+00
      0      1      -0.18146E+02      -0.66857E-02      -0.15672E+00       0.26599E+00      -0.88567E+00      -0.34479E+00
      0      1       0.17290E+02      -0.43130E-02       0.79816E+00      -0.98881E+00      -0.16670E+00      -0.55510E+00
      0      1      -0.28352E+02       0.82976E-03      -0.65824E+00      -0.12802E+00       0.73966E+00      -0.82875E-01
      0      1      -0.19020E+02       0.18804E-02       0.22042E+00      -0.58809E+00       0.30964E+00      -0.13652E+01
      0      1      -0.24737E+02      -0.22516E-02       0.73547E+00       0.73372E-01       0.24370E+00      -0.10956E+01
      0      1       0.34349E+01       0.52445E-02       0.10893E+00       0.10655E+01      -0.11966E+00      -0.36247E+00
      0      1      -0.37653E+02      -0.22174E-02      -0.12657E+00       0.40043E+00      -0.16075E+00      -0.32420E-01
      0      1      -0.55726E+01      -0.47415E-02       0.43519E+00      -0.33695E+00      -0.63605E+00       0.29887E+00
      0      1       0.36206E+02       0.29398E-02      -0.53016E+00       0.10659E+01      -0.66436E+00       0.84179E+00
      0      1       0.18955E+01       0.39676E-02       0.28966E+00      -0.14014E+01      -0.16500E-01      -0.55319E+00
      0      1      -0.57124E+01       0.36880E-02       0.50496E+00       0.45515E+00      -0.35521E+00       0.70856E+00
      0      1       0.40452E+02      -0.57788E-02       0.27804E+00       0.10435E+01       0.28817E+00       0.93602E+00
      0      1      -0.47744E+01      -0.43707E-02      -0.56846E+00      -0.51967E+00      -0.27365E-01       0.85372E+00
      0      1      -0.39452E+02       0.33026E-02      -0.21370E+00       0.31370E+00      -0.17262E+00       0.67876E+00
      0      1      -0.35548E+02       0.40209E-02       0.56295E+00      -0.10013E+01      -0.52542E+00       0.27427E+00
      0      1       0.44551E+01       0.37907E-02       0.55689E+00      -0.16199E+01      -0.88233E-01       0.10696E+00
      0      1       0.25929E+01      -0.25616E-02      -0.53415E+00      -0.33347E+00       0.51700E+00       0.72060E+00
      0      1      -0.30970E+02       0.65591E-02       0.80359E-01      -0.73685E+00       0.23829E+00       0.57567E-01
      0      1       0.34157E+02      -0.58110E-02      -0.63866E+00      -0.80136E+00       0.31014E-01       0.51900E+00
      0      1      -0.29444E+02      -0.54734E-02      -0.81695E+00      -0.54677E+00      -0.49622E-01       0.16305E+00
      0      1      -0.23004E+02      -0.26014E-02      -0.60581E+00       0.80950E+00       0.45776E+00      -0.27174E-01
      0      1      -0.29021E+02      -0.39814E-02      -0.73559E+00       0.14155E+01      -0.30572E-01      -0.92072E+00
      0      1       0.19963E+02       0.48066E-02       0.22156E+00       0.12378E+01      -0.12865E+00       0.95854E+00
      0      1      -0.33197E+02      -0.24860E-02       0.24014E+00       0.79454E+00       0.98878E-01       0.26184E+00
      0      1      -0.24587E+02      -0.25430E-02       0.36713E+00      -0.13665E+01       0.31140E+00       0.44748E+00
      0      1       0.36446E+02      -0.45609E-03      -0.37109E+00       0.50624E+00      -0.93760E+00      -0.42706E-02
      0      1      -0.21816E+02      -0.65862E-03      -0.65595E+00      -0.11826E+00       0.20357E+00      -0.75140E+00
      0      1       0.39946E+02      -0.66491E-02      -0.44449E+00       0.18268E+01       0.21227E+00      -0.58745E+00
      0      1      -0.28218E+02       0.26038E-02      -0.46415E+00       0.81165E-01      -0.84995E-01      -0.85829E+00
      0      1      -0.19193E+02       0.44804E-02      -0.42731E+00      -0.12067E+01      -0.11732E+00      -0.68692E+00
      0      1       0.39056E+02      -0.53302E-02      -0.25479E+00      -0.10708E+01      -0.57339E+00       0.72991E+00
      0      1       0.17458E+02      -0.12920E-02       0.11584E-01       0.12978E+01      -0.25708E+00      -0.43334E+00
      0      1      -0.33166E+02      -0.32502E-02      -0.38924E+00       0.11240E+00       0.74663E+00       0.14681E+00
      0      1       0.31006E+02      -0.30602E-02      -0.61677E+00       0.10025E+01       0.54325E+00      -0.98295E+00
      0      1      -0.84052E+01      -0.29151E-02      -0.20063E-01       0.10523E+01      -0.14153E+00      -0.74549E-01
      0      1       0.23562E+02       0.41098E-03       0.38764E+00      -0.16990E+01      -0.30456E+00       0.24443E+00
      0      1      -0.12755E+02      -0.15645E-02       0.75095E+00       0.59007E+00      -0.24481E+00      -0.51809E-01
      0      1      -0.31184E+02      -0.11667E-02      -0.49032E+00       0.29958E+00       0.72126E+00      -0.55178E+00
      0      1      -0.32788E+02       0.41846E-02       0.58107E+00      -0.13114E+01      -0.37758E+00       0.98949E+00
      0      1       0.25277E+02       0.43873E-02       0.10882E+00       0.12419E+01      -0.28308E+00      -0.58647E+00
      0      1      -0.23073E+02      -0.21157E-03      -0.96625E-01       0.13996E+00       0.87354E+00       0.18910E+00
      0      1      -0.11253E+02       0.61125E-02      -0.94692E+00       0.34330E+00      -0.15367E+00       0.44558E+00
      0      1       0.73746E+01       0.29133E-02       0.90508E-01       0.10185E+01      -0.12699E+00      -0.27412E+00
      0      1       0.15073E+02       0.40559E-02       0.51877E+00       0.83704E+00       0.10647E+00      -0.69173E+00
      0      1       0.12114E+02      -0.17859E-02      -0.44535E+00       0.83625E+00      -0.24290E+00       0.10068E+01
      0      1      -0.40739E+01       0.36162E-03      -0.29956E+00       0.11212E+01      -0.85352E+00       0.52253E+00
      0      1       0.17587E+02      -0.58371E-02      -0.24562E+00      -0.24078E-01       0.64197E+00      -0.15343E+01
      0      1      -0.10783E+02       0.65174E-02      -0.37321E-01      -0.14083E+01      -0.49262E+00       0.29564E+00
      0      1      -0.37829E+02      -0.55933E-02      -0.51758E-01      -0.11462E+01       0.26907E+00       0.95958E-01
      0      1      -0.68109E+01       0.34844E-02       0.33825E+00      -0.15932E+01      -0.43696E+00       0.57064E+00
      0      1       0.14438E+02       0.21842E-02      -0.26265E+00       0.49538E+00       0.63024E-01       0.49658E+00
      0      1       0.14822E+02       0.19196E-02       0.15169E+00      -0.94008E+00       0.36809E+00       0.48886E+00
      0      1       0.10100E+02       0.24801E-02      -0.36924E+00       0.71437E+00       0.44639E+00       0.60594E+00
      0      1      -0.89448E+01      -0.49313E-03      -0.75997E+00       0.95443E+00      -0.58149E+00       0.36035E+00
      0      1      -0.41891E+01       0.41138E-02      -0.92704E+00       0.73294E+00       0.14234E+00       0.77576E+00
      0      1      -0.99376E+01       0.45885E-02       0.29539E+00      -0.72459E+00       0.13139E+00      -0.10561E+01
      0      1      -0.46273E+01       0.57671E-02       0.36102E+00       0.38720E+00       0.15210E+00       0.78904E+00
      0      1       0.32642E+02       0.47317E-02       0.43828E+00       0.30787E+00       0.55085E+00      -0.44500E-02
      0      1      -0.31479E+01      -0.13993E-02       0.32477E+00       0.57278E+00      -0.52066E+00       0.28936E+00
      0      1       0.33369E+02      -0.25769E-02       0.30297E-01       0.28684E+00      -0.77367E+00       0.10194E+01
      0      1      -0.11895E+02      -0.51348E-02      -0.84969E+00       0.98169E+00      -0.36384E+00       0.30303E+00
      0      1      -0.28950E+02       0.11330E-02       0.18786E+00      -0.70696E-01       0.61830E+00       0.29107E+00
      0      1       0.18058E+02      -0.68195E-02      -0.45532E+00       0.95030E+00       0.30188E+00       0.78332E+00
      0      1       0.77821E+01       0.58664E-02       0.94311E-01       0.17229E+00       0.14432E+00      -0.11618E+01
      0      1       0.24335E+02       0.62857E-02       0.27003E-01      -0.98731E+00      -0.47283E+00      -0.30643E+00
      0      1       0.11157E+02       0.64464E-03      -0.31715E+00       0.10477E+01       0.73515E+00       0.12765E+00
      0      1      -0.79519E+01      -0.50616E-02      -0.30084E+00       0.13801E+01       0.40614E+00      -0.91125E+00
      0      1      -0.89545E+00      -0.34337E-02       0.87393E+00      -0.11301E+01       0.47039E+00      -0.63007E+00
      0      1       0.14286E+02       0.64676E-02      -0.34906E+00       0.34166E+00       0.65517E+00      -0.15449E+01
      0      1       0.22370E+02      -0.34162E-03       0.49396E+00      -0.70743E+00      -0.12155E+00      -0.37116E-01
      0      1      -0.11375E+02      -0.43968E-02       0.51352E+00      -0.73607E+00      -0.78960E+00      -0.19330E+00
      0      1      -0.95636E+01       0.61148E-02       0.99873E-01       0.89376E+00      -0.34103E+00      -0.61236E+00
      0      1      -0.14016E+02      -0.30585E-02       0.59231E+00       0.91750E+00       0.18089E+00      -0.26472E-01
      0      1       0.13540E+02       0.25311E-02      -0.17200E+00       0.53209E+00      -0.40171E+00      -0.29422E+00
      0      1      -0.34469E+02      -0.63576E-02       0.28592E+00      -0.13527E+00      -0.33073E+00       0.48639E+00
      0      1       0.91714E+01       0.22531E-02      -0.30334E+00       0.10731E+01      -0.74579E+00       0.12417E+01
      0      1       0.44018E+01       0.29271E-02      -0.63751E+00      -0.16001E+00      -0.27379E-01       0.96371E+00
      0      1      -0.32061E+02       0.26165E-02       0.49898E+00      -0.40652E+00       0.75656E-01      -0.17612E+00
      0      1      -0.22542E+01       0.53955E-02      -0.84209E+00       0.94576E+00       0.49243E+00       0.52212E+00
      0      1      -0.10584E+02      -0.35086E-02       0.35959E+00      -0.41590E+00       0.48421E+00       0.34121E+00
      0      1       0.32775E+02       0.60208E-02      -0.35768E+00      -0.28697E+00       0.49679E+00      -0.60499E+00
      0      1      -0.54197E+01      -0.24193E-02      -0.60455E+00       0.25372E-01       0.34201E+00      -0.38814E+00
      0      1      -0.26207E+02       0.29806E-02      -0.60745E+00       0.54814E+00      -0.88816E-01      -0.10922E+00
      0      1      -0.35821E+02       0.72813E-03       0.18482E+00       0.12168E+01       0.18985E+00       0.56870E+00
      0      1      -0.25523E+02      -0.30385E-02       0.91008E+00      -0.91288E+00      -0.13935E+00       0.52385E+00
      0      1      -0.27772E+02       0.13862E-02      -0.23934E+00      -0.11127E+00      -0.71496E+00       0.11638E+01
      0      1      -0.39408E+02       0.73271E-03       0.29259E-01      -0.15443E+00      -0.58481E+00       0.15803E+01
      0      1      -0.85715E+01      -0.29097E-02       0.76003E+00      -0.12239E+01      -0.23907E+00       0.22429E+00
      0      1      -0.35973E+02      -0.28382E-02       0.26645E+00      -0.16491E+00       0.83904E+00      -0.93184E+00
      0      1       0.99609E+01       0.91361E-03      -0.36225E+00       0.17424E+01      -0.33032E-01       0.60258E+00
      0      1      -0.27183E+02      -0.52215E-03       0.18980E+00       0.58222E+00      -0.78709E+00       0.10075E+01
      0      1      -0.64232E+01       0.76240E-06       0.74417E-01      -0.16745E+01       0.16252E+00      -0.10036E+01
      0      1      -0.26565E+02       0.13864E-02       0.34105E+00      -0.16612E+01       0.49515E-01       0.10286E+01
      0      1      -0.59154E+00      -0.28650E-02       0.30599E+00       0.53679E+00      -0.21427E-01      -0.59179E+00
      0      1       0.32189E+02      -0.57112E-02      -0.81183E+00       0.91666E+00      -0.63826E+00       0.58207E+00
      0      1      -0.47763E+00      -0.51274E-02      -0.81484E+00       0.86449E+00      -0.14667E-01       0.26149E+00
      0      1       0.55760E+01      -0.23143E-02      -0.11193E+00      -0.98016E+00      -0.54798E+00      -0.29063E+00
      0      1      -0.14478E+02       0.61394E-02      -0.50534E+00      -0.65756E+00       0.17792E+00      -0.25542E+00
      0      1      -0.60206E+01      -0.66972E-02       0.68914E+00       0.39363E-01      -0.57518E+00       0.32575E+00
      0      1      -0.36953E+02      -0.43050E-02      -0.65753E-01       0.13861E+01      -0.49384E+00       0.25562E+00
      0      1       0.29878E+02      -0.48734E-02       0.33742E+00       0.98242E+00      -0.52586E+00       0.33265E+00
      0      1      -0.10998E+02      -0.24347E-02       0.58759E+00       0.46202E+00       0.43602E+00       0.59870E+00
      0      1      -0.42220E+01       0.25194E-02       0.54563E+00      -0.11284E+00      -0.72874E-01       0.76762E+00
      0      1       0.17783E+02       0.19782E-02      -0.76962E+00       0.56826E-01       0.45715E-01      -0.22940E+00
      0      1      -0.38340E+02       0.36109E-02      -0.63971E+00      -0.63941E+00       0.42799E+00      -0.47682E+00
      0      1      -0.41602E+02      -0.32529E-02      -0.51727E+00       0.10010E+00       0.36651E+00      -0.28091E+00
      0      1      -0.30856E+01       0.51394E-02       0.16021E+00       0.13090E+01      -0.18824E+00       0.31153E+00
      0      1       0.32475E+02      -0.26413E-02       0.10717E+00       0.66324E+00      -0.63252E+00       0.20747E+00
      0      1       0.24424E+02      -0.54810E-02      -0.78618E+00      -0.69905E-01      -0.90759E-02      -0.74472E+00
      0      1      -0.20770E+02       0.11355E-02       0.49408E+00       0.43767E+00      -0.52443E+00      -0.10292E+00
      0      1       0.26748E+02      -0.53702E-02       0.71796E+00       0.25844E-02       0.66478E-01      -0.44171E+00
      0      1      -0.36279E+02       0.10106E-02       0.59263E+00       0.88518E+00      -0.35366E+00      -0.14435E+00
      0      1       0.29118E+02       0.40518E-02      -0.25999E+00       0.51023E+00       0.12782E+00       0.75650E+00
      0      1      -0.35003E+02       0.12630E-02      -0.12966E+00       0.61299E+00       0.91358E-01      -0.36131E+00
      0      1      -0.32438E+02       0.56714E-02       0.34364E+00      -0.10137E+01       0.53205E+00      -0.14941E+01
      0      1      -0.27845E+02      -0.36436E-02      -0.25463E+00       0.20466E-01       0.81861E+00      -0.51668E+00
      0      1       0.82008E+01       0.45281E-02      -0.28921E+00      -0.12792E+01       0.16962E+00      -0.28053E+00
      0      1       0.95377E+00       0.53015E-02       0.10996E+00      -0.28805E+00      -0.86140E+00       0.37383E+00
      0      1       0.20279E+02      -0.25904E-02      -0.84293E-01      -0.96917E+00       0.80799E+00      -0.48852E+00
      0      1      -0.94949E+01      -0.45228E-02       0.57303E-01      -0.16870E+01      -0.91025E-01      -0.33791E-02
      0      1       0.12701E+02       0.39209E-02      -0.35941E+00       0.35247E-01       0.67956E+00      -0.12672E+01
      0      1      -0.32259E+02      -0.14141E-02       0.46939E+00      -0.16174E+01       0.31226E+00       0.84062E+00
      0      1       0.12579E+02       0.18289E-02       0.96092E-01       0.95927E+00      -0.54451E+00      -0.31214E+00
      0      1      -0.53625E+01      -0.58949E-02      -0.64233E+00       0.53417E+00       0.56925E+00       0.28827E+00
      0      1       0.12809E+02       0.19434E-02      -0.37187E+00      -0.47947E+00       0.78509E+00       0.40162E+00
      0      1       0.17177E+02       0.44713E-03       0.69570E+00      -0.10763E+01       0.30226E+00      -0.94260E+00
      0      1      -0.12821E+02      -0.31483E-02      -0.14549E-01       0.15704E+01       0.29026E+00      -0.79938E+00
      0      1       0.39104E+02      -0.97373E-03       0.69367E-01      -0.10953E+01      -0.16642E+00      -0.27309E+00
      0      1      -0.26449E+02       0.60212E-02      -0.41662E+00      -0.34512E+00      -0.22167E+00       0.12185E+01
      0      1       0.26183E+02       0.12390E-02      -0.49297E+00       0.55105E+00       0.63814E+00       0.14653E+00
      0      1      -0.15533E+02      -0.15677E-02       0.14930E+00      -0.73062E+00       0.16687E-01      -0.13438E+00
      0      1       0.10826E+02      -0.49526E-02       0.26530E+00      -0.10428E+01      -0.89132E+00       0.58385E+00
      0      1       0.37711E-01      -0.36531E-02      -0.32801E+00       0.21640E+00       0.12372E+00       0.54219E+00
      0      1      -0.67934E+01       0.22872E-02       0.71761E+00      -0.22731E+00      -0.63656E+00       0.52896E-01
      0      1      -0.25391E+02       0.49237E-02      -0.49088E+00      -0.97810E+00      -0.22834E+00       0.98719E+00
      0      1      -0.21629E+02       0.31428E-02       0.77179E+00      -0.95994E+00       0.83294E-01      -0.73984E+00
      0      1      -0.40878E+02       0.41664E-02      -0.37047E+00       0.44387E+00      -0.11492E+00       0.93296E+00
      0      1      -0.26709E+01       0.31382E-02       0.18331E+00      -0.14560E+01       0.16032E+00      -0.61955E+00
      0      1      -0.31001E+01       0.37994E-03       0.80740E+00      -0.94275E+00      -0.62274E+00       0.14827E+00
      0      1       0.37780E+02       0.24819E-02      -0.34234E+00       0.19083E+00       0.48983E+00      -0.97140E+00
      0      1      -0.26541E+02       0.23983E-02      -0.25361E+00       0.14497E+01      -0.25083E+00       0.37113E+00
      0      1      -0.29384E+02      -0.22927E-02       0.31287E+00       0.12634E+01       0.48752E+00      -0.24757E+00
      0      1       0.18061E+02      -0.15907E-02       0.39930E+00      -0.12308E+01       0.23860E+00      -0.94936E+00
      0      1      -0.18340E+02      -0.50084E-03       0.37841E+00      -0.24123E+00       0.71152E+00      -0.15883E+01
      0      1      -0.16756E+00       0.49755E-02       0.43521E+00      -0.13054E+01      -0.73872E+00       0.77425E+00
      0      1       0.19327E+02       0.46062E-02      -0.19972E+00       0.69021E+00       0.62934E+00       0.32730E+00
      0      1      -0.65302E+01       0.14234E-02       0.11218E+00      -0.12786E+01       0.14607E-01      -0.54063E-01
      0      1       0.38778E+02      -0.51940E-02       0.49871E+00       0.72223E+00       0.58902E+00      -0.50626E+00
      0      1       0.88029E+01      -0.34027E-02      -0.28377E+00       0.60775E-01      -0.64426E+00       0.13944E+01
      0      1      -0.11497E+02       0.33445E-02       0.64359E+00      -0.13694E+01       0.26832E-01       0.79328E+00
      0      1       0.10565E+02       0.14226E-02      -0.36039E+00       0.18570E+01      -0.36879E+00       0.27674E+00
      0      1      -0.20840E+00      -0.96542E-03      -0.50407E+00      -0.12232E+01      -0.76472E-01      -0.89762E-01
      0      1       0.65396E+01       0.11970E-02      -0.29787E+00      -0.29479E+00      -0.16766E+00      -0.73269E+00
      0      1      -0.27420E+02       0.25124E-02      -0.58301E+00       0.57463E+00       0.76121E+00       0.45355E+00
      0      1       0.25193E+02      -0.12587E-03      -0.30700E+00      -0.67774E+00      -0.25555E+00      -0.72107E+00
      0      1       0.29984E+02       0.17350E-02       0.48725E+00       0.83697E+00      -0.11044E+00      -0.22835E+00
      0      1      -0.59129E+01       0.60642E-02      -0.51986E+00       0.88460E+00       0.40152E+00      -0.23830E+00
      0      1       0.19317E+02       0.59588E-02       0.45039E+00      -0.94829E+00       0.63330E-02      -0.10548E+01
      0      1       0.29097E+01       0.16336E-02      -0.61788E+00       0.15501E+01       0.95601E-01      -0.84324E+00
      0      1       0.82041E+01       0.30712E-02      -0.24862E+00      -0.27345E+00      -0.23344E+00       0.30120E-02
      0      1       0.35096E+02       0.63744E-02      -0.41182E+00      -0.82621E+00      -0.61200E+00      -0.74690E-01
      0      1       0.36153E+02       0.64781E-02      -0.68534E+00       0.34488E+00       0.65696E+00       0.44335E+00
      0      1       0.78314E+01       0.38293E-04       0.48556E+00       0.59752E+00      -0.26291E+00       0.30153E+00
      0      1       0.20793E+02       0.24368E-02      -0.11916E+00      -0.68227E+00       0.40048E+00      -0.14270E+00
      0      1       0.24381E+02      -0.37516E-02       0.45807E+00      -0.90060E+00      -0.23714E+00      -0.75068E+00
      0      1       0.13519E+02       0.91862E-03       0.61576E-01       0.10883E+01      -0.43814E+00       0.68186E+00
      0      1       0.16392E+02       0.51162E-02      -0.26848E+00      -0.98354E+00       0.35567E+00       0.52861E+00
      0      1      -0.20801E+02      -0.99957E-04       0.57197E-01      -0.13536E+01      -0.55316E+00      -0.33396E+00
      0      1       0.38074E+02      -0.17249E-03       0.97082E-01      -0.17630E+01       0.13984E+00      -0.48073E+00
      0      1      -0.94826E+01       0.53296E-02       0.44833E+00      -0.88298E+00       0.15504E+00       0.80093E+00
      0      1       0.55410E+01       0.37851E-02       0.62524E+00      -0.20988E+00       0.66969E+00      -0.87836E+00
      0      1       0.26740E+02      -0.23168E-02       0.40047E+00       0.48034E-02       0.19940E+00       0.50108E+00
      0      1      -0.27894E+02       0.66013E-03       0.60306E+00      -0.66308E+00      -0.75964E+00      -0.13714E+00
      0      1       0.11444E+02      -0.38829E-02       0.27658E+00       0.15377E+00      -0.21812E+00       0.63722E+00
      0      1      -0.39566E+02       0.40920E-02      -0.43946E+00       0.13622E+01      -0.57816E+00       0.10484E+01
      0      1       0.32655E+02      -0.60597E-02      -0.31448E+00       0.92824E+00       0.11876E+00       0.18498E+00
      0      1       0.11572E+02       0.97285E-03      -0.51859E+00      -0.33755E+00       0.44939E+00      -0.44839E+00
      0      1      -0.11470E+02      -0.12947E-02       0.12343E+00      -0.77306E+00      -0.67501E+00       0.12662E+01
      0      1       0.21288E+02       0.48340E-02      -0.41063E+00       0.94622E+00       0.86124E-01      -0.70493E+00
      0      1       0.35994E+02       0.13787E-02      -0.43376E+00       0.74060E+00       0.80191E+00      -0.26388E+00
      0      1      -0.40785E+02       0.25200E-02       0.77001E+00      -0.11245E+01      -0.54272E+00       0.88119E+00
      0      1      -0.22591E+02      -0.13473E-02      -0.46741E+00       0.18634E+01       0.28790E+00      -0.70303E-01
      0      1       0.10507E+02      -0.62193E-02      -0.28768E-01      -0.25854E+00      -0.36922E+00       0.56734E+00
      0      1      -0.19126E+01      -0.47104E-02       0.76356E+00       0.11346E+00       0.37833E+00       0.25986E+00
      0      1       0.41992E+01      -0.18401E-02       0.13108E+00       0.12371E+01       0.36930E+00      -0.49900E+00
      0      1      -0.27487E+02       0.62143E-02       0.74748E+00      -0.36176E+00       0.57321E+00       0.15828E+00
      0      1      -0.10892E+02      -0.24363E-03       0.25671E+00      -0.52333E+00      -0.16152E+00       0.45515E+00
      0      1      -0.22711E+02      -0.20217E-02       0.35369E+00      -0.24030E+00      -0.68146E+00       0.47624E+00
      0      1       0.21871E+02      -0.64371E-02      -0.30530E-01       0.11499E+01      -0.28954E+00      -0.28910E+00
      0      1      -0.99847E+01       0.64318E-02       0.35182E+00       0.11521E+01       0.44120E+00       0.12643E-01
      0      1      -0.22372E+02      -0.64676E-02       0.49238E+00      -0.12460E+01       0.49982E+00      -0.10245E+01
      0      1       0.36713E+02      -0.18285E-02      -0.70425E+00       0.10176E+01       0.12097E+00       0.48729E+00
      0      1       0.81694E+00      -0.56950E-02       0.83071E-01       0.11160E+01      -0.34208E+00       0.13014E+01
      0      1      -0.32245E+02       0.62410E-02       0.82004E-01      -0.11837E+01       0.49186E+00       0.73820E+00
      0      1       0.36859E+02      -0.33477E-02      -0.48412E+00       0.35918E-01      -0.17031E+00      -0.60108E+00
      0      1      -0.15716E+02      -0.35596E-02       0.11444E+00       0.13940E+00       0.20918E+00      -0.39227E+00
      0      1       0.21366E+02      -0.54371E-03      -0.36430E+00       0.83092E+00      -0.98692E-01       0.90830E+00
      0      1       0.93718E+01      -0.50638E-02       0.47986E+00       0.44983E+00       0.13677E+00      -0.19127E+00
      0      1      -0.12737E+02       0.48922E-02       0.47707E+00      -0.76649E+00      -0.20759E+00       0.50310E+00
      0      1      -0.16144E+02       0.55681E-02       0.34160E+00       0.96547E+00      -0.64416E-01       0.53841E+00
      0      1      -0.23206E+01       0.58871E-02      -0.16661E+00       0.15329E+01      -0.13070E+00      -0.52969E+00
      0      1      -0.26575E+02       0.23812E-02       0.68532E+00      -0.26057E+00      -0.54053E+00       0.80657E+00
      0      1       0.48923E+01      -0.68946E-03      -0.46459E+00       0.87544E+00       0.83284E+00      -0.47793E+00
      0      1      -0.68996E+01      -0.52183E-02      -0.21183E-01       0.13935E+01       0.21503E+00       0.29675E+00
      0      1       0.22667E+02       0.46503E-02       0.37067E+00      -0.39186E+00       0.42721E+00      -0.12941E+01
      0      1       0.29683E+02      -0.11602E-02      -0.48336E+00       0.16885E+01      -0.35485E+00      -0.99742E-03
      0      1       0.28550E+02       0.26412E-02       0.54619E+00       0.13215E+00      -0.53291E+00       0.54664E+00
      0      1       0.56185E+01       0.22082E-02       0.14466E+00      -0.17121E+00       0.17643E+00      -0.89600E+00
      0      1       0.13474E+01      -0.39886E-02       0.55056E+00      -0.11801E+01      -0.35680E-02       0.11262E+01
      0      1      -0.23815E+02       0.37290E-02      -0.81343E+00      -0.42691E-02       0.21475E+00      -0.83177E+00
      0      1      -0.23299E+02       0.41415E-02      -0.25884E+00       0.54540E+00      -0.35002E+00      -0.85964E+00
      0      1       0.26437E+02      -0.26607E-02      -0.24385E+00       0.97566E+00       0.67380E+00      -0.33441E+00
      0      1      -0.14792E+02      -0.86861E-03       0.72204E+00      -0.93493E+00      -0.13084E+00       0.11516E+01
      0      1      -0.25115E+02       0.60507E-02       0.50812E+00      -0.18479E+00       0.63893E+00      -0.60441E+00
      0      1      -0.35191E+02       0.10345E-02      -0.69593E+00       0.12429E+01      -0.17235E+00       0.10008E+00
      0      1      -0.13246E+02      -0.55531E-02      -0.81655E-01      -0.10974E+01       0.62577E+00       0.14251E+00
      0      1      -0.51444E+01       0.94556E-04       0.16165E+00      -0.84477E+00      -0.43660E+00      -0.50806E+00
      0      1      -0.30607E+02       0.44909E-02       0.55387E+00       0.71115E+00       0.11809E+00      -0.10332E+01
      0      1      -0.93600E+01      -0.65924E-02      -0.14833E+00      -0.60101E+00      -0.56491E+00      -0.50212E-01
      0      1      -0.32908E+02       0.54618E-02       0.30008E+00      -0.50181E+00      -0.37997E+00       0.13469E+01
      0      1       0.14033E+02      -0.25140E-02      -0.12470E+00       0.15654E+00       0.58103E+00      -0.14712E+01
      0      1       0.32551E+02       0.14681E-02       0.14123E+00      -0.49837E+00      -0.48631E+00       0.53066E+00
      0      1      -0.39923E+01       0.16514E-02       0.37364E+00       0.27969E+00       0.38460E+00       0.38659E+00
      0      1      -0.19124E+02      -0.43235E-02       0.59254E+00      -0.16040E+00      -0.91150E-01       0.11757E+01
      0      1      -0.43706E+01       0.48687E-02       0.50244E+00      -0.14861E+01      -0.20794E-01      -0.69450E+00
      0      1      -0.87727E+01      -0.64845E-02       0.38568E+00      -0.10807E+01       0.72006E+00       0.59629E+00
      0      1       0.62038E+01      -0.61327E-02       0.83182E+00      -0.60136E+00       0.18503E+00      -0.90053E+00
      0      1       0.69391E+01       0.63255E-02       0.49202E+00      -0.97207E+00      -0.29928E+00       0.73093E+00
      0      1       0.20313E+02      -0.53737E-03      -0.37880E+00      -0.12344E+00       0.16014E+00      -0.24747E+00
      0      1       0.60951E+01      -0.63555E-02       0.10776E+00       0.97722E+00       0.14717E+00      -0.12450E+01
      0      1       0.16613E+02      -0.17965E-02       0.79128E+00       0.48664E+00      -0.19037E+00      -0.12600E-01
      0      1       0.33934E+02       0.37722E-02       0.57709E+00      -0.15901E+01       0.11167E+00       0.36267E+00
      0      1       0.34163E+02       0.20846E-02      -0.20788E+00       0.12182E+01      -0.38528E+00       0.11981E+01
      0      1      -0.16982E+02      -0.31278E-02       0.26162E+00      -0.14140E+01      -0.58836E+00      -0.41536E+00
      0      1      -0.21654E+02      -0.30645E-02       0.72182E+00      -0.27393E-01      -0.63367E+00       0.73600E+00
      0      1       0.63213E+00      -0.65596E-02      -0.23107E+00       0.14776E+01       0.21065E+00       0.51459E+00
      0      1      -0.23829E+02      -0.19598E-02      -0.16176E+00      -0.38541E+00       0.69181E-01       0.68539E+00
      0      1      -0.59236E+00       0.54701E-02       0.66451E+00      -0.59864E+00       0.39742E+00       0.85617E+00
      0      1       0.33782E+02      -0.28799E-02      -0.22083E+00       0.10881E+01      -0.48711E-01      -0.98516E+00
      0      1       0.34075E+02      -0.62866E-02      -0.36708E+00      -0.76016E+00       0.18443E-01      -0.28589E+00
      0      1       0.51561E+01       0.57025E-02       0.52388E+00       0.67910E+00       0.35380E+00       0.30539E+00
      0      1       0.36966E+02       0.27013E-02      -0.29893E-01       0.14277E+00      -0.24207E+00      -0.11027E+00
      0      1      -0.79244E+01       0.72694E-03       0.23698E+00       0.13931E+01       0.28314E+00       0.99380E-01
      0      1      -0.21385E+02       0.74510E-03       0.70689E+00      -0.12287E+01      -0.62948E+00       0.65699E+00
      0      1       0.11461E+02       0.33705E-02      -0.99020E-02       0.11718E+00      -0.54549E+00       0.87767E+00
      0      1       0.15660E+01       0.45285E-02      -0.43115E+00      -0.53515E+00       0.41066E+00      -0.31651E+00
      0      1      -0.41504E+02       0.29590E-02       0.40150E+00       0.72745E+00       0.11317E+00      -0.31381E-02
      0      1      -0.10141E+02       0.58032E-02       0.45506E+00       0.70063E-01      -0.14877E+00      -0.88983E-01
      0      1      -0.35588E+02       0.50821E-02       0.68465E-01      -0.10496E+00      -0.23194E+00       0.56251E+00
      0      1      -0.39247E+02      -0.55892E-02      -0.42988E-01       0.93330E-01       0.45229E+00      -0.14085E+01
      0      1      -0.38551E+01      -0.56292E-02       0.28043E+00       0.84298E+00       0.26722E+00       0.22995E+00
      0      1       0.21162E+02      -0.25089E-02       0.60094E+00       0.36425E+00      -0.61531E+00       0.89204E+00
      0      1      -0.20042E+02       0.25306E-02      -0.54549E+00       0.38399E+00      -0.83645E+00       0.16954E+00
      0      1      -0.31694E+02       0.35251E-03       0.16296E+00       0.86396E+00      -0.48597E+00       0.57406E+00
      0      1      -0.32988E+01      -0.11366E-03       0.11275E+00       0.51819E+00      -0.56414E+00      -0.10420E+00
      0      1      -0.29104E+02      -0.55944E-02      -0.32773E-01       0.79862E+00       0.68306E+00      -0.33778E+00
      0      1      -0.25129E+02       0.42892E-02      -0.87504E+00       0.81492E+00      -0.28651E+00       0.89825E+00
      0      1      -0.35404E+02       0.34100E-02      -0.34723E+00       0.16100E+01       0.27640E+00       0.70948E+00
      0      1       0.33225E+02      -0.10716E-02       0.49519E+00       0.17606E+00       0.12288E+00      -0.35549E+00
      0      1      -0.23756E+01       0.43945E-02      -0.27618E+00       0.62414E+00      -0.52127E+00       0.52571E+00
      0      1      -0.32494E+02      -0.67296E-02      -0.31828E-01       0.82345E+00       0.49694E+00      -0.39990E+00
      0      1       0.35782E+02       0.10152E-02       0.48706E-01       0.48349E+00      -0.48929E+00      -0.25575E+00
      0      1      -0.68902E+01      -0.34741E-02      -0.11399E+00       0.11481E+01       0.22382E+00      -0.10308E+01
      0      1       0.40151E+02       0.38032E-03       0.25056E+00       0.48516E+00       0.93163E+00      -0.91286E-01
      0      1       0.25843E+02       0.17188E-02      -0.40301E+00       0.14245E+01       0.24683E+00      -0.35957E+00
      0      1      -0.27415E+02      -0.33877E-02       0.62906E+00      -0.72780E+00       0.65766E+00      -0.60008E+00
      0      1       0.27075E+02      -0.64119E-02       0.27012E-01       0.75467E+00       0.66851E+00      -0.11104E+01
      0      1       0.11207E+02       0.58078E-02       0.19237E+00      -0.11460E+01       0.26105E+00      -0.62329E+00
      0      1      -0.20667E+02      -0.60425E-02      -0.26349E+00       0.77702E+00       0.49049E+00      -0.34004E+00
      0      1       0.34471E+02       0.45908E-02      -0.70659E+00      -0.99943E-01      -0.28650E+00       0.59283E+00
      0      1       0.16266E+02       0.21753E-02      -0.19250E+00       0.12879E+01       0.68827E+00      -0.36147E+00
      0      1       0.24010E+02      -0.41435E-02      -0.30140E+00       0.79909E+00      -0.60680E+00      -0.70068E+00
      0      1       0.38492E+02      -0.59585E-02      -0.30667E+00       0.14348E+01       0.38443E+00       0.65576E+00
      0      1      -0.66000E+01       0.26774E-02      -0.28091E+00       0.11684E+01       0.42073E-01      -0.72615E+00
      0      1       0.18494E+02      -0.45420E-02       0.50447E+00      -0.12678E+01      -0.13818E+00      -0.85030E+00
      0      1       0.27623E+02      -0.18712E-02       0.19883E+00       0.76673E+00       0.28666E+00       0.74262E+00
      0      1       0.31192E+02      -0.52501E-03       0.55830E+00      -0.12881E+01      -0.45473E-01      -0.78339E+00
      0      1       0.12540E+02      -0.17983E-02      -0.45002E+00       0.26940E+00       0.64230E+00      -0.11962E+01
      0      1       0.25751E+01       0.37639E-02      -0.49653E+00       0.11589E+01      -0.60237E+00       0.72400E+00
      0      1      -0.85390E+00      -0.61217E-03       0.94118E-01      -0.99701E+00      -0.47657E+00      -0.78183E+00
      0      1       0.15348E+02      -0.65459E-02       0.43591E+00      -0.10394E+01      -0.61307E+00       0.98855E+00
      0      1       0.38077E+02      -0.65628E-02       0.22740E+00      -0.94055E+00       0.75613E+00      -0.10041E+01
      0      1       0.15878E+01       0.61114E-02       0.54366E+00      -0.68965E+00       0.66169E+00      -0.11984E+01
      0      1      -0.11011E+02       0.20269E-02      -0.14307E+00      -0.10963E+01       0.52298E+00       0.34288E-01
      0      1      -0.81533E+00       0.62987E-02      -0.93627E+00       0.49883E+00       0.36144E+00       0.18848E+00
      0      1      -0.27588E+02       0.27242E-02      -0.27759E+00      -0.22707E-01      -0.67354E+00       0.56024E+00
      0      1      -0.17994E+02       0.65535E-02       0.82040E+00      -0.94973E+00      -0.25039E+00      -0.19188E+00
      0      1      -0.35019E+02       0.57384E-02      -0.12698E+00      -0.13610E+01       0.69303E-01      -0.10942E+01
      0      1      -0.30269E+02      -0.36717E-02      -0.35418E+00      -0.77801E+00      -0.23926E+00       0.19403E+00
      0      1       0.38387E+02       0.46703E-02       0.73294E+00       0.63164E+00      -0.11917E+00      -0.15674E+00
      0      1      -0.25285E+02      -0.24054E-02      -0.37583E+00      -0.11987E+01      -0.21116E+00       0.81544E+00
      0      1       0.32058E+02      -0.33821E-02      -0.36921E+00       0.76486E+00       0.60253E+00      -0.10921E+01
