    1    prmtr    0.00000E+00    0.00000E+00    0.66700E+04    0.66700E+04
    2    drift    0.00000E+00    0.10606E+02    0.66700E+04    0.66700E+04
    3    drift    0.00000E+00    0.96070E+00    0.66700E+04    0.66700E+04
    4    quad     0.00000E+00    0.48035E+01    0.66700E+04    0.66700E+04
    5    drift    0.00000E+00    0.19214E+01    0.66700E+04    0.66700E+04
    6    quad     0.00000E+00    0.48035E+01    0.66700E+04    0.66700E+04
    7    drift    0.00000E+00    0.19214E+01    0.66700E+04    0.66700E+04
    8    quad     0.00000E+00    0.48035E+01    0.66700E+04    0.66700E+04
    9    drift    0.00000E+00    0.96070E+00    0.66700E+04    0.66700E+04
   10    drift    0.00000E+00    0.70515E+01    0.66700E+04    0.66700E+04
   11    slit     0.00000E+00    0.00000E+00    0.66700E+04    0.66700E+04
   12    drift    0.00000E+00    0.67249E+01    0.66700E+04    0.66700E+04
   13    drift    0.00000E+00    0.67249E+01    0.66700E+04    0.66700E+04
   14    slit     0.00000E+00    0.00000E+00    0.66700E+04    0.66700E+04
   15    drift    0.00000E+00    0.61485E+01    0.66700E+04    0.66700E+04
   16    slit     0.00000E+00    0.00000E+00    0.66700E+04    0.66700E+04
   17    drift    0.00000E+00    0.57642E+01    0.66700E+04    0.66700E+04
   18    drift    0.00000E+00    0.28821E+02    0.66700E+04    0.66700E+04
   19    drift    0.00000E+00    0.48035E+02    0.66700E+04    0.66700E+04
   20    drift    0.00000E+00    0.70131E+00    0.66700E+04    0.66700E+04
   21    quad     0.00000E+00    0.57642E+01    0.66700E+04    0.66700E+04
   22    drift    0.00000E+00    0.14026E+01    0.66700E+04    0.66700E+04
   23    quad     0.00000E+00    0.57642E+01    0.66700E+04    0.66700E+04
   24    drift    0.00000E+00    0.70131E+00    0.66700E+04    0.66700E+04
   25    drift    0.00000E+00    0.82428E+02    0.66700E+04    0.66700E+04
   26    drift    0.00000E+00    0.17293E+01    0.66700E+04    0.66700E+04
   27    quad     0.00000E+00    0.57642E+01    0.66700E+04    0.66700E+04
   28    drift    0.00000E+00    0.34585E+01    0.66700E+04    0.66700E+04
   29    quad     0.00000E+00    0.57642E+01    0.66700E+04    0.66700E+04
   30    drift    0.00000E+00    0.17293E+01    0.66700E+04    0.66700E+04
   31    drift    0.00000E+00    0.67249E+01    0.66700E+04    0.66700E+04
   32    drift    0.00000E+00    0.24402E+02    0.66700E+04    0.66700E+04
   33    drift    0.00000E+00    0.19214E+02    0.66700E+04    0.66700E+04
   34    slit     0.00000E+00    0.00000E+00    0.66700E+04    0.66700E+04
   35    drift    0.00000E+00    0.67249E+01    0.66700E+04    0.66700E+04
   36    drift    0.00000E+00    0.67249E+01    0.66700E+04    0.66700E+04
   37    slit     0.00000E+00    0.00000E+00    0.66700E+04    0.66700E+04
   38    drift    0.00000E+00    0.96070E+01    0.66700E+04    0.66700E+04
   39    slit     0.00000E+00    0.00000E+00    0.66700E+04    0.66700E+04
   40    drift    0.00000E+00    0.19214E+02    0.66700E+04    0.66700E+04
   41    drift    0.00000E+00    0.60332E+01    0.66700E+04    0.66700E+04
   42    quad     0.00000E+00    0.53799E+01    0.66700E+04    0.66700E+04
   43    drift    0.00000E+00    0.28052E+01    0.66700E+04    0.66700E+04
   44    quad     0.00000E+00    0.53799E+01    0.66700E+04    0.66700E+04
   45    drift    0.00000E+00    0.73998E+02    0.66700E+04    0.66700E+04
   46    quad     0.00000E+00    0.57642E+01    0.66700E+04    0.66700E+04
   47    drift    0.00000E+00    0.16092E+01    0.66700E+04    0.66700E+04
   48    quad     0.00000E+00    0.57642E+01    0.66700E+04    0.66700E+04
   49    drift    0.00000E+00    0.25641E+01    0.66700E+04    0.66700E+04
   50    quad     0.00000E+00    0.48035E+01    0.66700E+04    0.66700E+04
   51    drift    0.00000E+00    0.64923E+02    0.66700E+04    0.66700E+04
   52    slit     0.00000E+00    0.00000E+00    0.66700E+04    0.66700E+04
