!0 stop         
1  drift  100.0      3.  3.
                                                                                
!QTA800!                                                                        
10  quad        839.252   30.00   30.00    3.17     0   100
1  drift    8.375       3.  3.                                                  
11  quad     -1321.5909   30.00   30.00    3.17     0   100
1  drift   13.3451      3.  3.                                                  
12  quad       404.655   25.00   25.00    3.17     0   100
                                                                                
1  drift   337.896       3.  3.                                                 
1  slit   1.0 1.0                                                              
                                                                                
!target                                                                         
0  stop