 Nseed      iq         dt[nsec]         dW[MeV/u]           x[cm]           x'[mrad]            y[cm]           y'[mrad]  
      0      1       0.11192E-11       0.00000E+00      -0.10961E-06       0.31855E-06       0.00000E+00       0.00000E+00
      0      1      -0.18063E+02       0.21462E-02      -0.18229E+00      -0.53113E+01       0.92715E+00       0.78803E+01
      0      1       0.10476E+01      -0.33358E-02      -0.27061E+00      -0.51843E+01      -0.20019E+00      -0.44175E+01
      0      1       0.29248E+02       0.68920E-03       0.52456E+00       0.42131E+01       0.66985E+00      -0.41084E-01
      0      1      -0.79982E+01      -0.10855E-02      -0.41696E+00      -0.20994E+01       0.26782E+00       0.41951E+01
      0      1       0.26321E+02      -0.40983E-02       0.78239E+00       0.52573E+01       0.56718E+00       0.12901E+01
      0      1       0.39330E+02      -0.19650E-02       0.65013E+00       0.43340E+01       0.57308E+00       0.20613E+01
      0      1      -0.13078E+02      -0.26520E-02       0.36308E+00       0.54563E+01      -0.54399E+00      -0.36910E+00
      0      1       0.33003E+02      -0.34986E-02      -0.26095E+00       0.31603E-01       0.78563E+00       0.73647E+01
      0      1      -0.28416E+02       0.64664E-03       0.96633E+00       0.71984E+01       0.12474E+00      -0.66894E+00
      0      1       0.15900E+02      -0.10416E-02      -0.49562E+00      -0.10473E+01      -0.27715E+00      -0.48471E+01
      0      1       0.32974E+02       0.31868E-02       0.64750E+00       0.27248E+01       0.82152E+00       0.74032E+01
      0      1      -0.12720E+02      -0.32608E-02       0.72239E+00       0.36246E+01      -0.18758E+00      -0.19158E+01
      0      1      -0.24256E+02      -0.28015E-02      -0.29925E+00      -0.34270E+01      -0.69444E-01      -0.32086E+01
      0      1      -0.17882E+01       0.33106E-02       0.85464E-01       0.47621E+00      -0.42649E+00       0.85331E+00
      0      1       0.29189E+02       0.58657E-03       0.16999E+00      -0.21254E+01      -0.65062E+00      -0.41234E+01
      0      1       0.10383E+02       0.28048E-02       0.27280E+00       0.20341E+01      -0.54105E+00      -0.10871E-01
      0      1      -0.12080E+02       0.30004E-02      -0.35952E+00      -0.25226E+01      -0.55068E+00      -0.29023E+01
      0      1      -0.12023E+02      -0.44311E-02       0.15726E+00      -0.63638E+00      -0.44340E-01       0.15114E+01
      0      1       0.15301E+02      -0.37316E-02      -0.33215E+00      -0.62954E+01       0.27779E+00      -0.51980E+00
      0      1       0.34684E+02      -0.43937E-03      -0.62601E+00      -0.40696E+01       0.15936E+00      -0.16600E+01
      0      1       0.28026E+02       0.36425E-02       0.43718E+00       0.26773E+01      -0.47777E+00      -0.14592E+01
      0      1       0.49999E+01      -0.34348E-02      -0.41616E+00      -0.64565E+01      -0.11278E+00      -0.24006E+01
      0      1       0.12084E+02       0.34358E-02       0.10753E+00      -0.47353E+00      -0.28724E+00      -0.35651E+01
      0      1      -0.35654E+02      -0.89328E-03       0.13907E+00       0.42382E+01      -0.58736E+00      -0.28423E+01
      0      1       0.21639E+02      -0.27318E-02       0.51750E+00       0.16613E+01       0.33149E+00      -0.12335E+01
      0      1      -0.12362E+02      -0.38061E-02       0.45626E-01       0.31670E+01      -0.18115E+00      -0.26022E+01
      0      1      -0.37425E+02       0.98008E-03      -0.21953E+00      -0.26691E+01       0.32742E+00       0.46539E+01
      0      1      -0.34507E+02      -0.24547E-02       0.30180E+00      -0.29036E+00      -0.23492E+00      -0.22721E+01
      0      1      -0.13031E+01      -0.85144E-03      -0.83990E+00      -0.61014E+01       0.55865E+00       0.65843E+01
      0      1      -0.15172E+02      -0.33195E-02       0.83277E-02       0.26576E+01       0.64356E+00       0.42193E+01
      0      1       0.15106E+02      -0.16884E-02      -0.19038E-01      -0.39395E+01       0.31430E-01       0.16839E+01
      0      1      -0.58155E+01       0.40953E-02       0.37270E+00       0.32545E+01       0.92769E+00       0.65923E+01
      0      1       0.36692E+02       0.15526E-02       0.58299E-01      -0.31743E+01      -0.75251E+00      -0.50418E+01
      0      1       0.83076E+01      -0.46535E-03       0.41335E+00       0.20704E+01      -0.38771E+00      -0.38606E+01
      0      1      -0.88643E+01       0.55020E-04       0.54657E+00       0.38424E+01       0.64379E-01      -0.16934E+01
      0      1      -0.26009E+01      -0.26226E-02      -0.19031E+00      -0.39709E+01      -0.55808E+00      -0.30747E+01
      0      1      -0.31884E+02       0.33260E-02      -0.13530E+00      -0.28378E+01      -0.22950E+00      -0.70389E+00
      0      1       0.67499E+01      -0.37319E-02      -0.20743E-01       0.17883E+01      -0.35075E+00      -0.12363E+01
      0      1       0.38460E+02       0.28670E-03       0.18736E+00      -0.15445E+01      -0.43422E+00      -0.12000E+01
      0      1       0.34263E+02       0.13382E-02       0.19949E-01       0.98589E+00      -0.32715E+00       0.21149E+01
      0      1      -0.37775E+02       0.10355E-02       0.86932E+00       0.56146E+01       0.31499E+00      -0.47766E+00
      0      1       0.35795E+01       0.38485E-03      -0.36445E-02      -0.23770E+01      -0.13249E+00      -0.22318E+01
      0      1       0.36484E+02      -0.63299E-03      -0.31212E+00      -0.21745E+00      -0.36908E+00       0.99765E+00
      0      1       0.31818E+02      -0.32927E-02      -0.77339E+00      -0.34978E+01      -0.51688E+00      -0.18519E+01
      0      1      -0.32753E+02      -0.12902E-03      -0.11271E+00      -0.32947E+01      -0.99798E+00      -0.59249E+01
      0      1      -0.26228E+02       0.35710E-02      -0.60462E+00      -0.66896E+01       0.18770E+00      -0.15969E+01
      0      1      -0.12227E+02      -0.44730E-02      -0.50824E+00      -0.52195E+01      -0.65115E+00       0.15642E-01
      0      1      -0.35222E+02       0.13554E-02       0.20542E+00      -0.18571E+01      -0.32653E-01      -0.42142E+01
      0      1       0.27356E+02       0.77872E-03      -0.34715E+00      -0.10459E+01      -0.70539E+00      -0.71549E+01
      0      1       0.39191E+01       0.25017E-02      -0.79168E+00      -0.51975E+01       0.58108E+00       0.62499E+01
      0      1       0.12154E+02       0.33778E-02      -0.42960E+00      -0.69521E+01       0.20016E+00       0.37013E+01
      0      1      -0.17483E+02       0.43221E-03       0.83321E+00       0.48707E+01       0.10364E+00       0.69394E+00
      0      1      -0.25520E+02       0.26563E-02      -0.73857E+00      -0.62216E+01       0.10070E+00       0.90031E+00
      0      1      -0.88330E+01      -0.24823E-02       0.55632E+00       0.21466E+01      -0.31029E-01      -0.33854E+01
      0      1      -0.33732E+01      -0.43446E-02      -0.49090E-01       0.12153E+01      -0.99784E+00      -0.64792E+01
      0      1       0.21412E+02       0.18255E-02       0.85756E+00       0.74515E+01       0.37616E+00       0.21272E+01
      0      1       0.11072E+02      -0.20081E-03      -0.64793E+00      -0.40515E+01      -0.18600E-01      -0.24436E+01
      0      1      -0.25137E+02      -0.19809E-02       0.20274E+00       0.48923E+01      -0.84249E-01       0.11293E+01
      0      1       0.32353E+02       0.43229E-02       0.12555E-01       0.19152E+01       0.21607E+00      -0.15466E+01
      0      1       0.58256E+01       0.39518E-02       0.22258E+00       0.27198E+01      -0.15368E+00      -0.26412E+01
      0      1      -0.24954E+02       0.27617E-02       0.53674E+00       0.39689E+01      -0.24045E+00      -0.30867E+01
      0      1       0.98478E+01      -0.52389E-03      -0.48759E-02       0.45168E+00       0.16591E-01      -0.24557E+01
      0      1       0.31726E+02       0.38281E-02      -0.73572E+00      -0.71370E+01      -0.54520E+00      -0.58077E+01
      0      1       0.35558E+02       0.38973E-02      -0.41779E-01      -0.38378E+01       0.43299E+00       0.31567E+01
      0      1      -0.10366E+01      -0.43659E-02      -0.57869E+00      -0.39099E+01       0.33551E+00       0.50808E+01
      0      1      -0.12134E+02       0.29939E-02       0.97363E+00       0.60039E+01      -0.27713E+00      -0.15329E+01
      0      1       0.17338E+02      -0.38106E-02       0.20812E+00       0.40514E+00      -0.60130E+00      -0.35380E+01
      0      1      -0.21177E+01      -0.16155E-02      -0.16122E+00      -0.33447E+01      -0.59789E+00      -0.16605E+01
      0      1       0.37273E+02       0.40967E-04       0.59673E+00       0.61805E+01      -0.47862E+00       0.29133E+00
      0      1      -0.41456E+02      -0.43727E-02      -0.35832E+00      -0.10349E+01       0.37109E+00      -0.14286E+01
      0      1      -0.11007E+02       0.43699E-03      -0.27506E+00      -0.59852E+00      -0.11252E+00       0.81100E+00
      0      1       0.19446E+02      -0.16050E-03      -0.33414E+00      -0.61037E+01       0.49982E-01       0.10737E-01
      0      1      -0.41096E+02       0.32590E-03      -0.68282E+00      -0.38614E+01       0.52692E+00       0.28682E+01
      0      1       0.31758E+02      -0.10315E-02      -0.34532E+00      -0.49314E+01      -0.18461E+00      -0.17485E+01
      0      1       0.17997E+02      -0.39321E-02       0.56943E+00       0.29605E+01       0.97470E+00       0.61159E+01
      0      1      -0.47599E+01       0.75706E-03       0.26255E+00       0.58407E+01      -0.87152E+00      -0.73620E+01
      0      1      -0.31541E+02      -0.21846E-02       0.57011E+00       0.32334E+01       0.29937E+00      -0.10524E+01
      0      1       0.25560E+02      -0.16698E-02       0.62226E+00       0.26241E+01       0.77730E+00       0.59251E+01
      0      1       0.88566E+01      -0.15632E-02      -0.23108E+00       0.13547E+00       0.78153E-01      -0.16028E+01
      0      1      -0.89945E+01      -0.24236E-02       0.31427E+00       0.37280E+01      -0.79115E+00      -0.33504E+01
      0      1       0.33967E+02      -0.26444E-02       0.38723E-01       0.10402E+01      -0.80746E+00      -0.37122E+01
      0      1       0.32787E+02      -0.45577E-02      -0.39924E+00      -0.39264E+01      -0.98056E-01       0.30310E+00
      0      1      -0.19121E+02       0.43253E-03      -0.66157E+00      -0.71876E+01      -0.43034E+00      -0.19300E+01
      0      1      -0.32103E+02       0.18369E-02      -0.33710E+00       0.39058E+00      -0.23905E+00      -0.38617E+01
      0      1       0.60407E+01      -0.11975E-02       0.17548E+00      -0.21529E+01       0.48128E+00      -0.47238E+00
      0      1      -0.16226E+01      -0.18199E-02       0.46778E+00       0.11994E+01      -0.75873E+00      -0.68430E+01
      0      1      -0.19402E+02       0.30335E-02      -0.47311E+00      -0.44853E+01      -0.17792E+00      -0.47254E+01
      0      1      -0.19339E+02       0.99820E-03       0.56678E+00       0.14443E+01       0.52033E+00       0.65249E+01
      0      1      -0.39856E+02       0.18555E-02       0.67336E+00       0.58830E+01       0.17990E+00      -0.11049E+01
      0      1       0.48615E+01      -0.25065E-02      -0.64367E+00      -0.30120E+01       0.24827E+00       0.29158E+01
      0      1      -0.28702E+02      -0.45327E-02      -0.48150E+00      -0.12879E+01      -0.27132E+00      -0.36661E+01
      0      1      -0.34637E+00      -0.71854E-03       0.23168E+00       0.19228E+01       0.67513E+00      -0.36434E+00
      0      1       0.20440E+02      -0.28414E-02       0.21839E+00       0.12365E+01       0.19657E+00       0.22629E+01
      0      1       0.33263E+02       0.13178E-02       0.90104E+00       0.61211E+01       0.61345E+00       0.38926E+01
      0      1      -0.15178E+02       0.16725E-02       0.34456E+00       0.23781E+01       0.31659E+00       0.53268E+01
      0      1      -0.37542E+02      -0.13181E-02      -0.11182E-01       0.15429E+01       0.77688E+00       0.49596E+01
      0      1      -0.14719E+02       0.18081E-02       0.11246E+00       0.34833E+01      -0.89752E+00      -0.63562E+01
      0      1       0.12264E+02       0.36930E-02       0.17010E+00       0.11007E+01      -0.43907E+00      -0.38073E+01
      0      1       0.43845E+01      -0.45110E-02      -0.31576E+00      -0.85436E+00      -0.46811E+00      -0.29590E+01
      0      1       0.47792E+00      -0.65308E-03       0.79059E+00       0.36526E+01       0.35653E+00       0.43999E+01
      0      1      -0.17423E+02      -0.12986E-02       0.46397E-01      -0.13789E+01       0.37157E+00       0.48383E+01
      0      1      -0.29161E+02      -0.35291E-02       0.22246E+00      -0.71064E+00       0.16242E-01      -0.36570E+01
      0      1      -0.14335E+01      -0.11192E-02       0.29136E+00       0.60952E+00      -0.76959E+00      -0.58445E+01
      0      1      -0.12204E+02       0.14490E-03       0.81481E-01       0.19559E+01       0.23678E+00       0.51406E+01
      0      1      -0.24778E+02      -0.37993E-02       0.61130E+00       0.42712E+01      -0.94771E+00      -0.67690E+01
      0      1       0.33800E+02       0.37987E-02       0.18033E+00       0.26562E+01      -0.85472E+00      -0.48796E+01
      0      1       0.17063E+02      -0.31198E-02       0.40032E-01       0.36624E+01       0.84222E+00       0.53377E+01
      0      1       0.24930E+02       0.29708E-02       0.22976E-01      -0.65166E+00      -0.82371E+00      -0.25468E+01
      0      1       0.18442E+02      -0.59395E-03      -0.33993E+00      -0.55602E+01       0.82781E+00       0.30336E+01
      0      1       0.38502E+02      -0.76124E-03      -0.55931E+00      -0.20142E+01      -0.53493E+00      -0.32846E+01
      0      1       0.23467E+02      -0.35423E-02       0.28662E+00      -0.11203E+01       0.41386E+00       0.45500E+01
      0      1       0.22744E+02       0.19840E-02       0.10048E+00       0.26385E+01       0.47256E+00       0.59385E+01
      0      1       0.19659E+02       0.14367E-02      -0.41510E+00      -0.28083E+01       0.45419E+00      -0.80369E+00
      0      1      -0.99488E+01      -0.35326E-02       0.35925E+00       0.38286E+01       0.28297E+00       0.36580E+01
      0      1      -0.57942E+01       0.15650E-02      -0.60319E+00      -0.49944E+01      -0.16451E-01      -0.16741E+01
      0      1       0.14051E+02      -0.76529E-04      -0.24400E+00      -0.15526E+01      -0.88559E+00      -0.56397E+01
      0      1       0.10603E+02      -0.43752E-02      -0.49005E+00      -0.63451E+01       0.12636E+00      -0.26507E+01
      0      1       0.27644E+02       0.32711E-02      -0.90551E+00      -0.47324E+01      -0.22892E+00       0.24734E+00
      0      1      -0.59311E+01      -0.35763E-02       0.71859E+00       0.54712E+01       0.50522E+00      -0.89565E+00
      0      1      -0.40373E+02       0.22246E-02       0.56581E-01      -0.82236E+00       0.54727E+00       0.11330E+00
      0      1      -0.38572E+02       0.28108E-02       0.27333E+00       0.53276E+01       0.56137E+00       0.21372E+01
      0      1      -0.20473E+02       0.34889E-02       0.12047E+00       0.89964E+00      -0.12121E+00       0.24079E+01
      0      1       0.34838E+02       0.15679E-02      -0.26229E-01      -0.29742E+01       0.90571E+00       0.65606E+01
      0      1       0.31844E+02       0.30840E-02      -0.49542E+00      -0.33380E+01      -0.14909E+00       0.16199E+01
      0      1       0.77879E+01      -0.67836E-03      -0.91918E+00      -0.75614E+01      -0.22153E-01       0.40405E+00
      0      1       0.19890E+02       0.23991E-02      -0.40736E-01       0.24815E+00       0.68084E+00       0.28805E+01
      0      1       0.39486E+02       0.35461E-02       0.66338E+00       0.60979E+01      -0.43137E+00      -0.25685E+01
      0      1      -0.59624E+00       0.38423E-02      -0.75552E+00      -0.76505E+01       0.24947E+00       0.11220E+01
      0      1       0.32680E+00       0.17822E-02      -0.67526E+00      -0.25384E+01       0.86360E+00       0.49122E+01
      0      1       0.22742E+02       0.11174E-02      -0.76614E+00      -0.70468E+01       0.45760E+00       0.26660E+01
      0      1       0.35347E+02      -0.36297E-02       0.31385E+00       0.44113E+01      -0.21896E+00       0.18950E+01
      0      1       0.29302E+02      -0.20604E-02      -0.67222E+00      -0.36721E+01      -0.40013E+00       0.18445E+01
      0      1      -0.36507E+02       0.25326E-02      -0.93820E+00      -0.80319E+01       0.13805E+00      -0.52380E+00
      0      1       0.89855E+01      -0.20383E-02      -0.55165E+00      -0.45601E+01       0.73828E-01      -0.27899E+01
      0      1      -0.52381E-01       0.12233E-03      -0.54460E+00      -0.52238E+01       0.43446E+00       0.44682E+01
      0      1      -0.40937E+02       0.19975E-03       0.50548E+00       0.33944E+01      -0.64898E+00      -0.57840E+01
      0      1       0.16848E+02      -0.92406E-03      -0.10816E+00      -0.38761E+01      -0.42821E-01      -0.11222E+01
      0      1       0.29569E+02      -0.40138E-02       0.15270E+00       0.37233E+01      -0.42300E-01      -0.10079E+01
      0      1      -0.37551E+02       0.20342E-02       0.47118E+00       0.70124E+01      -0.63664E+00      -0.40602E+01
      0      1       0.10699E+02      -0.16880E-02      -0.77379E+00      -0.45413E+01      -0.72977E+00      -0.14682E+01
      0      1       0.35237E+02      -0.42996E-02      -0.19860E+00       0.40915E+00       0.80635E+00       0.62736E+01
      0      1      -0.47198E+01      -0.41360E-03      -0.71634E+00      -0.38424E+01      -0.21387E+00      -0.38131E+01
      0      1       0.56420E+01       0.29410E-02       0.88099E+00       0.54849E+01      -0.56427E+00      -0.58649E+01
      0      1       0.24483E+02      -0.22005E-02      -0.57279E+00      -0.47302E+01       0.10136E+00       0.43830E+01
      0      1       0.33250E+02       0.31544E-02       0.17106E+00      -0.11937E+01       0.51685E+00      -0.10339E+01
      0      1       0.36510E+02       0.37406E-02      -0.40540E+00      -0.37961E+01      -0.62059E+00       0.33702E+00
      0      1       0.84516E+01       0.33608E-02       0.61942E+00       0.28727E+01      -0.88289E+00      -0.35981E+01
      0      1       0.27016E+02      -0.54119E-03       0.24905E+00       0.32581E+01      -0.76605E+00      -0.10692E+01
      0      1      -0.22338E+02      -0.36193E-02       0.41211E-01       0.32196E+01      -0.33072E+00      -0.23362E+01
      0      1       0.35687E+02      -0.74177E-05      -0.71608E+00      -0.30713E+01       0.42034E+00       0.39037E+01
      0      1       0.16366E+02       0.20627E-02      -0.74428E+00      -0.34842E+01       0.26951E+00       0.20077E+01
      0      1      -0.36466E+02      -0.21170E-02      -0.27547E+00      -0.19466E+01      -0.35712E+00      -0.25835E+01
      0      1      -0.33700E+02       0.36256E-02      -0.30779E+00      -0.11922E+01      -0.60307E-01      -0.42681E+01
      0      1       0.31295E+02       0.11045E-02       0.67074E+00       0.45262E+01       0.40603E+00       0.81652E+00
      0      1       0.15957E+02       0.83633E-03       0.98248E+00       0.79161E+01       0.20851E+00       0.52390E-01
      0      1      -0.19462E+02      -0.36802E-02      -0.30312E+00      -0.57182E+01       0.79421E+00       0.33894E+01
      0      1       0.26329E+02       0.27636E-02       0.36574E+00       0.23926E+01      -0.42618E+00      -0.51844E+01
      0      1       0.70705E+00      -0.20166E-02       0.23974E+00       0.59282E+01       0.71565E+00       0.54291E+01
      0      1       0.28246E+02      -0.16283E-02      -0.47731E+00      -0.36218E+01      -0.87304E-01       0.36188E+00
      0      1      -0.35960E+02       0.39524E-02      -0.19186E+00       0.66632E+00       0.81718E+00       0.23286E+01
      0      1      -0.34387E+01      -0.23156E-02       0.43411E+00       0.62310E+00       0.22490E+00       0.21946E+01
      0      1       0.19091E+02       0.43888E-02      -0.71991E+00      -0.38334E+01       0.31008E+00       0.57490E+01
      0      1      -0.16750E+02      -0.19788E-02       0.69573E+00       0.30796E+01       0.51493E+00       0.65105E+01
      0      1      -0.90341E+01      -0.23023E-03      -0.73608E+00      -0.57457E+01      -0.42133E+00      -0.17274E+01
      0      1       0.12932E+02       0.19357E-02      -0.62161E+00      -0.63885E+01      -0.29205E+00      -0.72657E+00
      0      1       0.29973E+02      -0.12738E-02      -0.23792E-01      -0.28820E+01       0.80186E-01       0.41439E+01
      0      1       0.22475E+02       0.24588E-02      -0.64328E+00      -0.24058E+01      -0.67328E+00      -0.66961E+01
      0      1       0.31232E+01      -0.38290E-03      -0.38464E+00      -0.57258E+01       0.54150E+00       0.15216E+01
      0      1       0.26264E+02       0.36402E-02      -0.29619E+00      -0.89104E+00      -0.36972E-03      -0.30802E+01
      0      1       0.10197E+02       0.44938E-02      -0.35607E+00      -0.93336E+00       0.63344E+00       0.64671E+01
      0      1       0.12107E+02       0.30198E-02      -0.70980E+00      -0.61762E+01      -0.15057E+00      -0.13724E+01
      0      1       0.31909E+02      -0.87367E-03      -0.72433E+00      -0.40116E+01       0.17416E+00       0.47542E+01
      0      1      -0.22945E+02       0.23106E-02      -0.47686E+00      -0.65338E+01      -0.75988E+00      -0.52156E+01
      0      1       0.28039E+02      -0.43423E-02      -0.42184E+00      -0.77324E+00       0.66411E+00       0.18839E+01
      0      1      -0.38875E+02       0.23484E-02       0.74015E-01       0.18924E+01      -0.11234E+00      -0.89783E+00
      0      1       0.13042E+02      -0.43731E-02       0.11295E+00      -0.15501E+00       0.40946E+00       0.34925E+01
      0      1      -0.40723E+02      -0.13345E-02       0.45191E+00       0.10814E+01       0.49545E-01       0.16624E+01
      0      1      -0.18105E+02      -0.23906E-02      -0.78837E+00      -0.60963E+01      -0.23473E+00      -0.52992E+01
      0      1      -0.90225E+01      -0.44408E-02       0.67207E+00       0.56401E+01      -0.45322E-01      -0.42248E+01
      0      1      -0.17239E+02       0.11322E-03      -0.99039E+00      -0.66908E+01       0.29972E+00       0.12285E+01
      0      1       0.94348E+01       0.29636E-02       0.25655E+00       0.46356E+01      -0.62368E+00       0.41119E+00
      0      1       0.30737E+02       0.21572E-02      -0.28250E+00      -0.54372E+01       0.41408E-01       0.41283E+01
      0      1       0.20424E+02      -0.29037E-02      -0.24634E+00      -0.23479E+01      -0.56224E+00      -0.15660E+01
      0      1      -0.23937E+02      -0.13482E-02       0.32262E+00       0.66258E+01       0.53186E+00       0.50425E+01
      0      1       0.33778E+02      -0.41450E-02       0.57130E+00       0.41760E+01       0.15753E+00       0.86851E+00
      0      1      -0.38581E+02       0.22713E-02      -0.32878E+00      -0.24990E+01      -0.83704E+00      -0.27138E+01
      0      1       0.87595E+01      -0.22325E-02      -0.29649E+00      -0.44798E+01      -0.40222E+00      -0.27902E+01
      0      1       0.32825E+02       0.38212E-02      -0.32941E-01      -0.10712E+01      -0.12286E+00       0.23492E+01
      0      1      -0.29151E+02       0.12359E-02       0.43414E+00       0.13367E+01      -0.67006E+00      -0.58539E+01
      0      1      -0.29130E+02       0.68559E-04       0.26571E+00       0.19614E+01      -0.80421E+00      -0.71668E+01
      0      1       0.33800E+01       0.35970E-02       0.65234E+00       0.47850E+01      -0.27982E+00      -0.13121E+01
      0      1      -0.37625E+02      -0.15208E-02       0.78229E-01       0.18984E+01      -0.11167E+00       0.45626E+00
      0      1       0.18597E+01       0.27212E-02      -0.43020E+00      -0.65629E+01      -0.32930E+00      -0.26372E+01
      0      1       0.40528E+02      -0.39635E-02       0.80358E+00       0.44938E+01       0.71082E+00       0.35175E+01
      0      1      -0.39484E+02       0.22651E-02      -0.51024E-01       0.15655E+01       0.29043E+00       0.39682E+01
      0      1      -0.31042E+02       0.44986E-02      -0.29767E+00      -0.34116E+01       0.17513E+00      -0.61917E+00
      0      1       0.19923E+02       0.32967E-02       0.85192E+00       0.54954E+01       0.47705E+00       0.51582E+01
      0      1      -0.33163E+02      -0.17050E-02       0.64093E+00       0.34206E+01       0.20929E+00       0.90916E+00
      0      1       0.27391E+02       0.36250E-02      -0.52087E+00      -0.40651E+01       0.75129E+00       0.63690E+01
      0      1      -0.24547E+02      -0.17442E-02      -0.33163E+00      -0.64317E+01       0.43974E+00       0.10100E+01
      0      1      -0.52683E+01       0.35701E-02       0.71927E-01      -0.31281E+01      -0.89243E+00      -0.42311E+01
      0      1       0.17481E+02      -0.88612E-03       0.67161E+00       0.58631E+01      -0.40055E+00      -0.11459E+01
      0      1      -0.83664E+01      -0.19994E-02       0.51461E+00       0.47664E+01      -0.12484E+00       0.17585E+00
      0      1       0.25235E+02       0.30091E-02       0.74205E+00       0.55824E+01      -0.50565E+00      -0.17871E+01
      0      1       0.73461E+01       0.19981E-02       0.60913E+00       0.45691E+01      -0.23307E+00      -0.85654E+00
      0      1      -0.11048E+02      -0.33808E-02       0.16793E+00      -0.96395E+00      -0.93572E+00      -0.50552E+01
      0      1      -0.10840E+02       0.44700E-02      -0.75858E+00      -0.64030E+01      -0.12256E+00       0.32977E+01
      0      1      -0.37756E+02      -0.38363E-02      -0.63211E+00      -0.51238E+01       0.20931E+00      -0.56266E+00
      0      1       0.14416E+02       0.14981E-02      -0.70623E-02       0.24229E+01       0.32411E+00       0.21881E+01
      0      1       0.14806E+02       0.13166E-02      -0.32932E+00      -0.43677E+01       0.49848E+00       0.99160E+00
      0      1       0.10079E+02       0.17010E-02      -0.77137E-03       0.34869E+01       0.61240E+00       0.12668E+01
      0      1      -0.99790E+01       0.31471E-02      -0.78644E-01      -0.34878E+01      -0.53189E+00      -0.56462E+01
      0      1      -0.46883E+01       0.39555E-02       0.55458E+00       0.15372E+01       0.54462E+00       0.32639E+01
      0      1      -0.31155E+01      -0.95975E-03       0.61232E+00       0.23655E+01      -0.13306E+00       0.34140E+01
      0      1      -0.28953E+02       0.77707E-03       0.14969E+00      -0.44661E+00       0.52988E+00      -0.92908E+00
      0      1       0.77244E+01       0.40235E-02       0.18129E+00       0.72605E+00      -0.58361E+00      -0.61981E+01
      0      1       0.24271E+02       0.43112E-02      -0.47853E+00      -0.45196E+01      -0.45776E+00       0.29469E+00
      0      1       0.25028E+02      -0.63169E-03       0.37369E+00       0.38466E+01      -0.87776E+00      -0.58312E+01
      0      1      -0.96289E+01       0.41939E-02       0.55574E+00       0.40124E+01      -0.55536E+00      -0.16906E+01
      0      1       0.13516E+02       0.17360E-02       0.10133E+00       0.25300E+01      -0.40604E+00       0.88157E-01
      0      1      -0.34385E+02      -0.43605E-02       0.21426E+00      -0.82020E+00       0.96476E-01       0.36822E+01
      0      1      -0.10535E+02      -0.24064E-02       0.14466E+00      -0.21328E+01       0.47686E+00      -0.17686E+00
      0      1       0.19215E+02       0.72402E-03      -0.42769E+00      -0.60528E+01       0.77513E+00       0.64229E+01
      0      1       0.80041E+01       0.13983E-02      -0.31110E+00      -0.21483E+01       0.71788E+00       0.71702E+01
      0      1      -0.35821E+02       0.49941E-03       0.80254E+00       0.53920E+01       0.44027E+00       0.20626E+01
      0      1      -0.64031E+01       0.52821E-06      -0.78065E+00      -0.76390E+01      -0.48900E+00      -0.55476E+01
      0      1      -0.55260E+00      -0.19650E-02       0.57507E+00       0.22077E+01      -0.35664E+00      -0.28308E+01
      0      1       0.56143E+01      -0.15873E-02      -0.60870E+00      -0.43507E+01      -0.48506E+00       0.66962E+00
      0      1      -0.36886E+02      -0.29527E-02       0.63908E+00       0.62995E+01      -0.13290E+00       0.31618E+01
      0      1      -0.31337E+01       0.35249E-02       0.82775E+00       0.58613E+01       0.68123E-01       0.22293E+01
      0      1       0.29075E+02       0.27790E-02       0.35658E-02       0.24887E+01       0.51196E+00       0.32051E+01
      0      1      -0.35015E+02       0.86624E-03       0.18416E+00       0.28675E+01      -0.15576E+00      -0.21163E+01
      0      1       0.81610E+01       0.31057E-02      -0.93950E+00      -0.56380E+01      -0.61551E-01      -0.20095E+01
      0      1      -0.94305E+01      -0.31020E-02      -0.79999E+00      -0.76484E+01      -0.53944E-01       0.33363E+00
      0      1       0.12569E+02       0.12544E-02       0.58403E+00       0.42902E+01      -0.49950E+00       0.54427E+00
      0      1      -0.12765E+02      -0.21593E-02       0.78448E+00       0.71029E+01      -0.29984E+00      -0.50551E+01
      0      1      -0.17064E+02       0.26642E-02      -0.11588E+00       0.17027E+01      -0.96900E+00      -0.75745E+01
      0      1       0.39121E+02      -0.66785E-03      -0.48863E+00      -0.50045E+01      -0.25503E+00      -0.70486E+00
      0      1      -0.15513E+02      -0.10752E-02      -0.22376E+00      -0.34079E+01      -0.68412E-01      -0.72415E+00
      0      1       0.83406E-01      -0.25055E-02      -0.21466E+00       0.12105E+01       0.38679E+00       0.21970E+01
      0      1      -0.40917E+02       0.28576E-02      -0.13927E+00       0.22582E+01       0.47067E+00       0.49855E+01
      0      1      -0.26940E+01       0.21524E-02      -0.56298E+00      -0.67391E+01      -0.26423E+00      -0.36359E+01
      0      1      -0.26556E+02       0.16449E-02       0.48983E+00       0.67527E+01       0.67974E-01       0.27690E+01
      0      1      -0.29337E+02      -0.15725E-02       0.95172E+00       0.54908E+01       0.13681E+00      -0.30870E+01
      0      1       0.18098E+02      -0.10910E-02      -0.23200E+00      -0.58444E+01      -0.41503E+00      -0.55841E+01
      0      1       0.19285E+02       0.31592E-02       0.15532E+00       0.32697E+01       0.56104E+00      -0.78676E+00
      0      1      -0.65400E+01       0.97624E-03      -0.54110E+00      -0.58764E+01      -0.22777E-01      -0.32027E+00
      0      1       0.49035E+01       0.66140E-03      -0.39070E+00      -0.10668E+01      -0.78197E+00      -0.30517E+01
      0      1       0.65299E+01       0.82097E-03      -0.44458E+00      -0.11374E+01      -0.52213E+00      -0.29483E+01
      0      1       0.31161E+02      -0.23687E-02       0.17708E+00       0.46349E+01      -0.83199E+00      -0.25488E+01
      0      1       0.25201E+02      -0.86327E-04      -0.64830E+00      -0.28601E+01      -0.56677E+00      -0.25613E+01
      0      1       0.43780E+01       0.34479E-02       0.33388E+00       0.66513E+01       0.77939E+00       0.61582E+01
      0      1       0.11866E+02       0.11424E-02      -0.48773E+00      -0.51452E+01       0.73246E+00       0.69852E+01
      0      1       0.81723E+01       0.21064E-02      -0.38515E+00      -0.10800E+01      -0.13572E+00       0.90058E+00
      0      1       0.20773E+02       0.16714E-02      -0.46575E+00      -0.30203E+01       0.15257E+00      -0.22193E+01
      0      1      -0.38015E+02       0.86462E-03      -0.55353E+00      -0.30632E+01      -0.67759E+00      -0.68421E+01
      0      1       0.16342E+02       0.35090E-02      -0.76786E+00      -0.43090E+01       0.51548E+00       0.12290E+01
      0      1      -0.20786E+02      -0.68552E-04      -0.63291E+00      -0.61706E+01      -0.51513E+00       0.47315E+00
      0      1       0.11498E+02      -0.26631E-02       0.35150E+00       0.49541E+00       0.24624E+00       0.39792E+01
      0      1       0.32731E+02      -0.41562E-02       0.15912E+00       0.44092E+01       0.17564E+00       0.45694E+00
      0      1      -0.37963E+02      -0.29887E-02       0.23484E+00       0.10512E+01       0.73058E+00       0.38383E+01
      0      1       0.28821E+02       0.21728E-02      -0.66241E+00      -0.63671E+01      -0.77760E+00      -0.47485E+01
      0      1       0.10589E+02      -0.42656E-02      -0.15942E+00      -0.11423E+01       0.12188E+00       0.42305E+01
      0      1       0.42368E+01      -0.12621E-02       0.75896E+00       0.55027E+01      -0.77238E-01      -0.38686E+01
      0      1      -0.10884E+02      -0.16710E-03      -0.12573E-01      -0.25455E+01       0.17014E+00       0.28492E+01
      0      1       0.23994E+02      -0.24654E-02       0.18024E+00       0.37855E+01       0.93075E+00       0.80328E+01
      0      1       0.21952E+02      -0.44150E-02       0.55216E+00       0.51960E+01      -0.33344E+00      -0.31325E+00
      0      1       0.27932E+02       0.88362E-03       0.89955E-01       0.43156E+01       0.86154E+00       0.78022E+01
      0      1      -0.10043E+02       0.44114E-02       0.93713E+00       0.50357E+01       0.26995E+00      -0.16037E+01
      0      1      -0.32308E+02       0.42805E-02      -0.52462E+00      -0.54489E+01       0.71756E+00       0.17346E+01
      0      1      -0.15670E+02      -0.24414E-02       0.18389E+00       0.54735E+00      -0.10828E+00      -0.27357E+01
      0      1       0.21384E+02      -0.37291E-03       0.62871E-01       0.40116E+01       0.47026E+00       0.48367E+01
      0      1       0.35901E+02      -0.26293E-02      -0.21039E-01       0.80414E+00      -0.77203E+00      -0.69098E+01
      0      1      -0.16198E+02       0.38190E-02       0.83109E+00       0.41838E+01       0.27187E+00       0.28632E+01
      0      1      -0.23784E+01       0.40378E-02       0.62030E+00       0.70937E+01      -0.38284E+00      -0.20843E+01
      0      1      -0.22137E+02      -0.21870E-02      -0.46639E+00      -0.66299E+01      -0.73607E+00      -0.32894E+01
      0      1       0.23126E+02      -0.27263E-02       0.26264E+00       0.44045E+01       0.85520E+00       0.76091E+01
      0      1       0.31055E+02       0.33857E-02      -0.39879E+00      -0.32696E+00       0.87343E+00       0.44045E+01
      0      1      -0.68304E+01      -0.35791E-02       0.68579E+00       0.62937E+01       0.29589E+00       0.63791E+00
      0      1       0.29788E+02      -0.18398E-03      -0.27406E+00      -0.20792E+01      -0.85827E+00      -0.66947E+01
      0      1       0.56010E+01       0.15145E-02       0.55613E-01      -0.87323E+00      -0.41491E+00      -0.50514E+01
      0      1      -0.23343E+02       0.28405E-02       0.22556E-01       0.26475E+01      -0.70270E+00      -0.28671E+01
      0      1      -0.13165E+02      -0.38087E-02      -0.63708E+00      -0.48824E+01       0.43956E+00      -0.17072E+01
      0      1      -0.51394E+01       0.64858E-04      -0.27014E+00      -0.39367E+01      -0.54870E+00      -0.82611E+00
      0      1      -0.92720E+01      -0.45215E-02      -0.45098E+00      -0.25935E+01      -0.35003E+00       0.19319E+01
      0      1      -0.33870E+02       0.11060E-02       0.29223E+00       0.59768E+01      -0.82225E+00      -0.57248E+01
      0      1      -0.40046E+01       0.11326E-02       0.51182E+00       0.10202E+01       0.44893E+00       0.42828E+00
      0      1       0.20325E+02      -0.36856E-03      -0.43726E+00      -0.29886E+00      -0.50500E-01      -0.18257E+01
      0      1       0.61851E+01      -0.43590E-02       0.60189E+00       0.43179E+01      -0.64517E+00      -0.67309E+01
      0      1      -0.16930E+02      -0.21452E-02      -0.45985E+00      -0.65696E+01      -0.57979E+00       0.21054E+00
      0      1       0.71803E+00      -0.44990E-02       0.52015E+00       0.68181E+01       0.42056E+00       0.17350E+01
      0      1      -0.23803E+02      -0.13442E-02      -0.35573E+00      -0.16291E+01       0.43828E+00       0.31047E+01
      0      1      -0.45311E+00       0.29601E-03       0.27318E+00       0.61562E+01       0.79064E+00       0.60789E+01
      0      1       0.33824E+02      -0.19752E-02       0.33448E+00       0.50698E+01      -0.60180E+00      -0.46663E+01
      0      1       0.34155E+02      -0.43117E-02      -0.74788E+00      -0.31491E+01      -0.15655E+00      -0.14849E+01
      0      1       0.36936E+02       0.18527E-02       0.43257E-01       0.66824E+00      -0.20606E+00       0.38067E+00
      0      1      -0.79199E+01       0.49859E-03       0.94413E+00       0.61566E+01       0.22266E+00      -0.59261E+00
      0      1      -0.35641E+02       0.34857E-02       0.13977E-01      -0.52170E+00       0.18670E+00       0.36160E+01
      0      1      -0.37826E+01      -0.38609E-02       0.70435E+00       0.35902E+01       0.28658E+00       0.10667E+00
      0      1      -0.32872E+01      -0.77953E-04       0.37518E+00       0.22702E+01      -0.38853E+00       0.16422E+01
      0      1      -0.32401E+02      -0.46156E-02       0.38570E+00       0.37279E+01       0.47563E-01      -0.38992E+01
      0      1       0.35776E+02       0.69631E-03       0.29438E+00       0.21597E+01      -0.43395E+00       0.61127E+00
      0      1      -0.68337E+01      -0.23828E-02       0.47088E+00       0.52642E+01      -0.47297E+00      -0.59422E+01
      0      1       0.25837E+02       0.11789E-02       0.32889E+00       0.67339E+01      -0.64211E-01      -0.27003E+01
      0      1       0.11152E+02       0.39834E-02      -0.39677E+00      -0.53461E+01      -0.20439E+00      -0.40201E+01
      0      1      -0.20582E+02      -0.41443E-02       0.13331E+00       0.36919E+01       0.79824E-01      -0.35741E+01
      0      1       0.27239E+02      -0.22989E-02      -0.46635E-01       0.84906E+00      -0.80855E+00      -0.62461E+01
      0      1       0.24068E+02      -0.28419E-02       0.10704E+00       0.38191E+01      -0.75606E+00      -0.11265E+01
      0      1       0.38572E+02      -0.40867E-02       0.42390E+00       0.66833E+01       0.60187E+00       0.17629E+01
      0      1      -0.66214E+01       0.18363E-02       0.31890E+00       0.54928E+01      -0.39539E+00      -0.37095E+01
      0      1       0.27650E+02      -0.12834E-02       0.58613E+00       0.33273E+01       0.59724E+00       0.25540E+01
      0      1      -0.83971E+00      -0.41986E-03      -0.41407E+00      -0.45774E+01      -0.73037E+00      -0.20188E+01
      0      1       0.19791E+02      -0.12953E-03      -0.71330E-01      -0.16292E+01      -0.86927E+00      -0.43037E+01
      0      1      -0.11020E+02       0.13902E-02      -0.70061E+00      -0.48826E+01       0.32616E+00      -0.18217E+01
      0      1      -0.35070E+02       0.39358E-02      -0.82221E+00      -0.61244E+01      -0.58980E+00      -0.55888E+01
      0      1      -0.30216E+02      -0.25183E-02      -0.74499E+00      -0.32574E+01      -0.24355E-01       0.18749E+01
