    1    prmtr    0.00000E+00    0.00000E+00    0.45900E+04    0.45900E+04
    2    drift    0.00000E+00    0.12764E+02    0.45900E+04    0.45900E+04
    3    drift    0.00000E+00    0.11562E+01    0.45900E+04    0.45900E+04
    4    quad     0.00000E+00    0.57809E+01    0.45900E+04    0.45900E+04
    5    drift    0.00000E+00    0.23123E+01    0.45900E+04    0.45900E+04
    6    quad     0.00000E+00    0.57809E+01    0.45900E+04    0.45900E+04
    7    drift    0.00000E+00    0.23123E+01    0.45900E+04    0.45900E+04
    8    quad     0.00000E+00    0.57809E+01    0.45900E+04    0.45900E+04
    9    drift    0.00000E+00    0.11562E+01    0.45900E+04    0.45900E+04
   10    drift    0.00000E+00    0.84863E+01    0.45900E+04    0.45900E+04
   11    slit     0.00000E+00    0.00000E+00    0.45900E+04    0.45900E+04
   12    drift    0.00000E+00    0.80932E+01    0.45900E+04    0.45900E+04
   13    drift    0.00000E+00    0.80932E+01    0.45900E+04    0.45900E+04
   14    slit     0.00000E+00    0.00000E+00    0.45900E+04    0.45900E+04
   15    drift    0.00000E+00    0.73995E+01    0.45900E+04    0.45900E+04
   16    slit     0.00000E+00    0.00000E+00    0.45900E+04    0.45900E+04
   17    drift    0.00000E+00    0.69370E+01    0.45900E+04    0.45900E+04
   18    drift    0.00000E+00    0.34685E+02    0.45900E+04    0.45900E+04
   19    drift    0.00000E+00    0.57809E+02    0.45900E+04    0.45900E+04
   20    drift    0.00000E+00    0.84401E+00    0.45900E+04    0.45900E+04
   21    quad     0.00000E+00    0.69370E+01    0.45900E+04    0.45900E+04
   22    drift    0.00000E+00    0.16880E+01    0.45900E+04    0.45900E+04
   23    quad     0.00000E+00    0.69370E+01    0.45900E+04    0.45900E+04
   24    drift    0.00000E+00    0.84401E+00    0.45900E+04    0.45900E+04
   25    drift    0.00000E+00    0.99200E+02    0.45900E+04    0.45900E+04
   26    drift    0.00000E+00    0.20811E+01    0.45900E+04    0.45900E+04
   27    quad     0.00000E+00    0.69370E+01    0.45900E+04    0.45900E+04
   28    drift    0.00000E+00    0.41622E+01    0.45900E+04    0.45900E+04
   29    quad     0.00000E+00    0.69370E+01    0.45900E+04    0.45900E+04
   30    drift    0.00000E+00    0.20811E+01    0.45900E+04    0.45900E+04
   31    drift    0.00000E+00    0.80932E+01    0.45900E+04    0.45900E+04
   32    drift    0.00000E+00    0.29367E+02    0.45900E+04    0.45900E+04
   33    drift    0.00000E+00    0.23123E+02    0.45900E+04    0.45900E+04
   34    slit     0.00000E+00    0.00000E+00    0.45900E+04    0.45900E+04
   35    drift    0.00000E+00    0.80932E+01    0.45900E+04    0.45900E+04
   36    drift    0.00000E+00    0.80932E+01    0.45900E+04    0.45900E+04
   37    slit     0.00000E+00    0.00000E+00    0.45900E+04    0.45900E+04
   38    drift    0.00000E+00    0.11562E+02    0.45900E+04    0.45900E+04
   39    slit     0.00000E+00    0.00000E+00    0.45900E+04    0.45900E+04
   40    drift    0.00000E+00    0.23123E+02    0.45900E+04    0.45900E+04
   41    drift    0.00000E+00    0.72608E+01    0.45900E+04    0.45900E+04
   42    quad     0.00000E+00    0.64746E+01    0.45900E+04    0.45900E+04
   43    drift    0.00000E+00    0.33760E+01    0.45900E+04    0.45900E+04
   44    quad     0.00000E+00    0.64746E+01    0.45900E+04    0.45900E+04
