1  prmtr harm = 9

1  updt2     0.0     0.0     0.0     0.0     0.25    0.25     1

1  drift    92.5     7.5    -7.5

1  slit      0.5     3.5

1  drift    92.5     7.5    -7.5

1  quad  -5280.07   45.0    40.0    -8.0     100

1  drift     2.0     7.5    -7.5

1  quad   4788.82   45.0    40.0    -8.0     100

1  drift     5.0     7.5    -7.5

1  quad   4788.82   45.0    40.0    -8.0     100

1  drift     5.0     7.5    -7.5

1  slit      0.5     3.5

1  drift     5.0     7.5    -7.5

1 mtrx2
0  stop
