    1    prmtr    0.00000E+00    0.00000E+00    0.44700E+04    0.44700E+04
    2    drift    0.00000E+00    0.12933E+02    0.44700E+04    0.44700E+04
    3    drift    0.00000E+00    0.11715E+01    0.44700E+04    0.44700E+04
    4    quad     0.00000E+00    0.58574E+01    0.44700E+04    0.44700E+04
    5    drift    0.00000E+00    0.23430E+01    0.44700E+04    0.44700E+04
    6    quad     0.00000E+00    0.58574E+01    0.44700E+04    0.44700E+04
    7    drift    0.00000E+00    0.23430E+01    0.44700E+04    0.44700E+04
    8    quad     0.00000E+00    0.58574E+01    0.44700E+04    0.44700E+04
    9    drift    0.00000E+00    0.11715E+01    0.44700E+04    0.44700E+04
   10    drift    0.00000E+00    0.85986E+01    0.44700E+04    0.44700E+04
   11    slit     0.00000E+00    0.00000E+00    0.44700E+04    0.44700E+04
   12    drift    0.00000E+00    0.82003E+01    0.44700E+04    0.44700E+04
   13    drift    0.00000E+00    0.82003E+01    0.44700E+04    0.44700E+04
   14    slit     0.00000E+00    0.00000E+00    0.44700E+04    0.44700E+04
   15    drift    0.00000E+00    0.74974E+01    0.44700E+04    0.44700E+04
   16    slit     0.00000E+00    0.00000E+00    0.44700E+04    0.44700E+04
   17    drift    0.00000E+00    0.70289E+01    0.44700E+04    0.44700E+04
   18    drift    0.00000E+00    0.35144E+02    0.44700E+04    0.44700E+04
   19    drift    0.00000E+00    0.58574E+02    0.44700E+04    0.44700E+04
   20    drift    0.00000E+00    0.85518E+00    0.44700E+04    0.44700E+04
   21    quad     0.00000E+00    0.70289E+01    0.44700E+04    0.44700E+04
   22    drift    0.00000E+00    0.17104E+01    0.44700E+04    0.44700E+04
   23    quad     0.00000E+00    0.70289E+01    0.44700E+04    0.44700E+04
   24    drift    0.00000E+00    0.85518E+00    0.44700E+04    0.44700E+04
   25    drift    0.00000E+00    0.10051E+03    0.44700E+04    0.44700E+04
   26    drift    0.00000E+00    0.21087E+01    0.44700E+04    0.44700E+04
   27    quad     0.00000E+00    0.70289E+01    0.44700E+04    0.44700E+04
   28    drift    0.00000E+00    0.42173E+01    0.44700E+04    0.44700E+04
   29    quad     0.00000E+00    0.70289E+01    0.44700E+04    0.44700E+04
   30    drift    0.00000E+00    0.21087E+01    0.44700E+04    0.44700E+04
   31    drift    0.00000E+00    0.82003E+01    0.44700E+04    0.44700E+04
   32    drift    0.00000E+00    0.29755E+02    0.44700E+04    0.44700E+04
   33    drift    0.00000E+00    0.23430E+02    0.44700E+04    0.44700E+04
   34    slit     0.00000E+00    0.00000E+00    0.44700E+04    0.44700E+04
   35    drift    0.00000E+00    0.82003E+01    0.44700E+04    0.44700E+04
   36    drift    0.00000E+00    0.82003E+01    0.44700E+04    0.44700E+04
   37    slit     0.00000E+00    0.00000E+00    0.44700E+04    0.44700E+04
   38    drift    0.00000E+00    0.11715E+02    0.44700E+04    0.44700E+04
   39    slit     0.00000E+00    0.00000E+00    0.44700E+04    0.44700E+04
   40    drift    0.00000E+00    0.23430E+02    0.44700E+04    0.44700E+04
   41    drift    0.00000E+00    0.73569E+01    0.44700E+04    0.44700E+04
   42    quad     0.00000E+00    0.65603E+01    0.44700E+04    0.44700E+04
   43    drift    0.00000E+00    0.34207E+01    0.44700E+04    0.44700E+04
   44    quad     0.00000E+00    0.65603E+01    0.44700E+04    0.44700E+04
   45    drift    0.00000E+00    0.90234E+02    0.44700E+04    0.44700E+04
   46    quad     0.00000E+00    0.70289E+01    0.44700E+04    0.44700E+04
   47    drift    0.00000E+00    0.19622E+01    0.44700E+04    0.44700E+04
   48    quad     0.00000E+00    0.70289E+01    0.44700E+04    0.44700E+04
   49    drift    0.00000E+00    0.31267E+01    0.44700E+04    0.44700E+04
   50    quad     0.00000E+00    0.58574E+01    0.44700E+04    0.44700E+04
   51    drift    0.00000E+00    0.79167E+02    0.44700E+04    0.44700E+04
   52    slit     0.00000E+00    0.00000E+00    0.44700E+04    0.44700E+04
